************* DL Setting *************
   Seed = 3407
   Setting = s6
   Graph = regular30_15
   Number of Attacker = 1
   Sample per user/ Num of Cover = 4166
   Num of member/non-member = 500
   Normal User Batch size = 128
   Attacker Batch size = 256
   Attack = angle
   Defense = median
   data distribution = non-iid
   Init LR = 0.01
   LR Decay = [800]
   Max Iter = 800
   Normal Train Iter = 200
**************************************
iter 25:
0.0843 0.1469 0.3381 0.2372 0.0676 0.2083 0.0681 0.0473 0.0699 0.0984 0.1708 0.1873 0.3176 0.1819 0.0401 0.0518 0.2496 0.2064 0.2145 0.2267 0.0721 0.0505 0.0531 0.3291 0.0471 0.2304 0.0941 0.1165 0.2857 0.1810 
0.0802 0.0863 0.0434 0.0772 0.0764 0.0514 0.0519 0.0556 0.0660 0.0507 0.0694 0.0454 0.0488 0.0725 0.0626 0.0732 0.0832 0.0769 0.0652 0.0654 0.0506 0.0458 0.0659 0.0627 0.0763 0.0559 0.0706 0.0688 0.0632 0.0672 
avg train acc: 0.1557 avg test acc: 0.0643 min train acc: 0.0401(14) min test acc: 0.0434(2)
Attack result:(0.497, 0.47761194029850745, 0.064) (32, 35, 465, 468)
iter 50:
0.2240 0.2744 0.0537 0.1188 0.2293 0.1438 0.1756 0.2011 0.2912 0.0951 0.1330 0.0497 0.2732 0.2915 0.3194 0.1577 0.1459 0.0376 0.2929 0.0811 0.0717 0.2675 0.1214 0.3732 0.0462 0.2622 0.1243 0.1229 0.4286 0.0261 
0.2216 0.1449 0.0891 0.0926 0.1735 0.1652 0.1678 0.0684 0.1924 0.1293 0.1359 0.0681 0.1527 0.1782 0.1120 0.1906 0.1580 0.0713 0.1384 0.0750 0.0818 0.1887 0.0947 0.1760 0.0833 0.1350 0.0917 0.1272 0.1609 0.0605 
avg train acc: 0.1811 avg test acc: 0.1308 min train acc: 0.0261(29) min test acc: 0.0605(29)
Attack result:(0.488, 0.47115384615384615, 0.196) (98, 110, 390, 402)
iter 75:
0.3224 0.3253 0.1911 0.2294 0.2817 0.3561 0.2342 0.2371 0.5451 0.1629 0.1815 0.0535 0.2940 0.2881 0.4121 0.2927 0.2333 0.1239 0.3648 0.1856 0.2140 0.3549 0.3181 0.2951 0.2041 0.2313 0.2054 0.2535 0.3967 0.0791 
0.3214 0.2293 0.1510 0.1974 0.2836 0.2611 0.2127 0.1354 0.2890 0.2364 0.2111 0.1146 0.2344 0.2917 0.1754 0.3008 0.2131 0.1314 0.2819 0.1813 0.1417 0.2516 0.2039 0.2800 0.1414 0.1999 0.1544 0.2298 0.2539 0.1111 
avg train acc: 0.2622 avg test acc: 0.2140 min train acc: 0.0535(11) min test acc: 0.1111(29)
Attack result:(0.491, 0.4852459016393443, 0.296) (148, 157, 343, 352)
iter 100:
0.3741 0.3833 0.3166 0.2642 0.3137 0.3902 0.1905 0.3634 0.5036 0.2271 0.2458 0.0832 0.2703 0.4643 0.4142 0.3405 0.2454 0.1715 0.3452 0.1512 0.1565 0.4977 0.3389 0.3650 0.2993 0.2929 0.2268 0.3264 0.3498 0.1982 
0.3787 0.3008 0.2093 0.2466 0.3159 0.3202 0.2366 0.1821 0.3360 0.2870 0.2376 0.1776 0.2752 0.3333 0.2207 0.3339 0.2799 0.2018 0.3111 0.1977 0.1562 0.3031 0.2350 0.3251 0.1874 0.2819 0.1839 0.2869 0.3023 0.1656 
avg train acc: 0.3037 avg test acc: 0.2603 min train acc: 0.0832(11) min test acc: 0.1562(20)
Attack result:(0.509, 0.5119363395225465, 0.386) (193, 184, 316, 307)
iter 125:
0.4107 0.3682 0.2999 0.2348 0.4056 0.4074 0.2704 0.3325 0.5209 0.2582 0.2760 0.1313 0.3688 0.4968 0.4610 0.3556 0.4218 0.1944 0.4023 0.3226 0.2449 0.4743 0.3909 0.4128 0.3330 0.3683 0.3264 0.2893 0.4096 0.2358 
0.4140 0.3237 0.2771 0.2786 0.3842 0.3886 0.3106 0.2204 0.3882 0.3226 0.2817 0.2375 0.3344 0.3812 0.2952 0.3810 0.3827 0.2265 0.3738 0.2664 0.2228 0.3781 0.2668 0.3626 0.2483 0.3719 0.2546 0.3465 0.3590 0.2023 
avg train acc: 0.3475 avg test acc: 0.3160 min train acc: 0.1313(11) min test acc: 0.2023(29)
Attack result:(0.478, 0.4717948717948718, 0.368) (184, 206, 294, 316)
iter 150:
0.4526 0.4576 0.3955 0.3704 0.4110 0.4966 0.2861 0.3720 0.5994 0.2920 0.2560 0.1717 0.3926 0.5180 0.4225 0.3659 0.5053 0.2047 0.4023 0.3385 0.2554 0.4692 0.4086 0.4752 0.3117 0.4917 0.3486 0.3370 0.4908 0.2354 
0.4469 0.3613 0.3029 0.2963 0.4141 0.4339 0.3388 0.2572 0.4231 0.3143 0.2956 0.2807 0.3593 0.4043 0.3183 0.4112 0.4146 0.2375 0.3940 0.2706 0.2313 0.3895 0.3109 0.4064 0.2683 0.4186 0.2716 0.3655 0.3560 0.2141 
avg train acc: 0.3845 avg test acc: 0.3402 min train acc: 0.1717(11) min test acc: 0.2141(29)
Attack result:(0.499, 0.4988662131519274, 0.44) (220, 221, 279, 280)
iter 175:
0.4753 0.4800 0.4229 0.2921 0.4742 0.5491 0.3354 0.3381 0.6346 0.2930 0.2155 0.1307 0.3837 0.6114 0.3969 0.4106 0.6128 0.1865 0.4060 0.3798 0.2409 0.4992 0.3228 0.4576 0.2314 0.5528 0.3750 0.3236 0.4851 0.2173 
0.4707 0.3379 0.2934 0.2659 0.4553 0.4705 0.3538 0.2192 0.4638 0.3490 0.2872 0.2337 0.3681 0.4410 0.3153 0.4357 0.4436 0.2127 0.4213 0.3080 0.2411 0.4037 0.2803 0.4344 0.2191 0.4250 0.2834 0.3401 0.3673 0.1840 
avg train acc: 0.3911 avg test acc: 0.3442 min train acc: 0.1307(11) min test acc: 0.1840(29)
Attack result:(0.5, 0.5, 0.444) (222, 222, 278, 278)
iter 200:
0.5047 0.5739 0.4326 0.3410 0.4796 0.5648 0.3768 0.3365 0.6729 0.4128 0.2582 0.1648 0.4962 0.6256 0.4073 0.4642 0.6046 0.2313 0.4693 0.3918 0.3955 0.5502 0.3883 0.4305 0.3043 0.6044 0.4389 0.3691 0.5362 0.2764 
0.4928 0.3883 0.3209 0.2988 0.4871 0.4842 0.3847 0.2712 0.4831 0.3856 0.3513 0.2584 0.4286 0.4664 0.3518 0.4759 0.4503 0.2517 0.4472 0.3212 0.2986 0.4462 0.3446 0.4601 0.2678 0.4566 0.3559 0.3825 0.4089 0.2299 
avg train acc: 0.4368 avg test acc: 0.3817 min train acc: 0.1648(11) min test acc: 0.2299(29)
Attack result:(0.492, 0.4918032786885246, 0.48) (240, 248, 252, 260)
iter 225:
0.5349 0.5583 0.3033 0.3246 0.5386 0.5507 0.4308 0.3916 0.6531 0.3610 0.2781 0.1441 0.4250 0.5830 0.4632 0.4320 0.5868 0.2406 0.4273 0.3144 0.3972 0.4923 0.3108 0.4724 0.2729 0.5910 0.4537 0.3428 0.4744 0.2269 
0.5173 0.4041 0.3046 0.2945 0.4705 0.4999 0.3899 0.2565 0.5077 0.4128 0.3520 0.2232 0.4166 0.4737 0.3589 0.4776 0.4837 0.2441 0.4389 0.3298 0.2935 0.4612 0.3356 0.4569 0.2480 0.4400 0.3302 0.3698 0.4248 0.2075 
avg train acc: 0.4192 avg test acc: 0.3808 min train acc: 0.1441(11) min test acc: 0.2075(29)
Attack result:(0.499, 0.49902152641878667, 0.51) (255, 256, 244, 245)
iter 250:
0.5406 0.4795 0.2637 0.2852 0.5713 0.4973 0.3395 0.3899 0.6043 0.2939 0.2719 0.1194 0.4738 0.6336 0.5093 0.3991 0.5547 0.2189 0.3755 0.3078 0.4116 0.5712 0.3036 0.4231 0.3410 0.5845 0.3859 0.3241 0.4710 0.2425 
0.5210 0.3733 0.3064 0.3147 0.4717 0.4791 0.3467 0.2560 0.5012 0.4023 0.3519 0.2222 0.4122 0.4861 0.3432 0.4405 0.4524 0.2528 0.4213 0.3310 0.2889 0.4525 0.3269 0.4482 0.2553 0.4224 0.2889 0.4009 0.4520 0.2193 
avg train acc: 0.4063 avg test acc: 0.3747 min train acc: 0.1194(11) min test acc: 0.2193(29)
Attack result:(0.502, 0.5018796992481203, 0.534) (267, 265, 235, 233)
iter 275:
0.5505 0.5374 0.3012 0.3558 0.4865 0.5472 0.3965 0.4684 0.5979 0.3437 0.3451 0.2580 0.5173 0.6417 0.5195 0.4584 0.5823 0.2929 0.4850 0.3821 0.4284 0.5678 0.4012 0.5360 0.3792 0.5984 0.4000 0.3567 0.5385 0.3378 
0.5395 0.4395 0.3563 0.3743 0.4859 0.5097 0.4310 0.3264 0.5227 0.4423 0.4147 0.3013 0.4616 0.5090 0.4002 0.4857 0.4808 0.3273 0.4658 0.3666 0.3328 0.4892 0.3822 0.4897 0.3286 0.4522 0.3378 0.4476 0.4997 0.2864 
avg train acc: 0.4537 avg test acc: 0.4229 min train acc: 0.2580(11) min test acc: 0.2864(29)
Attack result:(0.507, 0.5065420560747663, 0.542) (271, 264, 236, 229)
iter 300:
0.5723 0.5619 0.3598 0.3621 0.5366 0.5763 0.4760 0.4599 0.6362 0.3471 0.4082 0.2660 0.5795 0.6542 0.5204 0.4782 0.5622 0.3269 0.5115 0.3471 0.4507 0.6147 0.3897 0.6075 0.3974 0.5838 0.4091 0.4192 0.5651 0.3264 
0.5589 0.4823 0.3783 0.3987 0.5017 0.5340 0.4745 0.3649 0.5380 0.4822 0.4663 0.3272 0.4725 0.5378 0.4189 0.5212 0.4869 0.3566 0.4753 0.3829 0.3470 0.5259 0.4048 0.5125 0.3609 0.4795 0.3765 0.4772 0.5336 0.3228 
avg train acc: 0.4769 avg test acc: 0.4500 min train acc: 0.2660(11) min test acc: 0.3228(29)
Attack result:(0.494, 0.4946236559139785, 0.552) (276, 282, 218, 224)
iter 325:
0.5659 0.4963 0.4203 0.3315 0.5430 0.5539 0.4398 0.3847 0.6463 0.4106 0.3547 0.1842 0.5030 0.7100 0.4919 0.4828 0.5455 0.2631 0.4707 0.3951 0.3781 0.6495 0.3437 0.5533 0.3079 0.5853 0.3400 0.4073 0.5026 0.2763 
0.5595 0.4500 0.3450 0.3649 0.5050 0.5305 0.4527 0.3169 0.5360 0.4828 0.4243 0.2738 0.4622 0.5345 0.3767 0.5016 0.4833 0.2882 0.4591 0.3399 0.2945 0.4916 0.3538 0.4928 0.2936 0.4608 0.3297 0.4477 0.5210 0.2713 
avg train acc: 0.4512 avg test acc: 0.4215 min train acc: 0.1842(11) min test acc: 0.2713(29)
Attack result:(0.505, 0.5042881646655232, 0.588) (294, 289, 211, 206)
iter 350:
0.5671 0.5699 0.4422 0.2925 0.5998 0.5942 0.4556 0.3424 0.6763 0.4521 0.3476 0.1868 0.5240 0.6838 0.5310 0.4394 0.5382 0.2607 0.4792 0.3386 0.3437 0.6391 0.3715 0.4885 0.3053 0.6029 0.3599 0.3526 0.5453 0.2544 
0.5563 0.4488 0.3528 0.3595 0.5186 0.5196 0.4369 0.2983 0.5427 0.4794 0.4227 0.2765 0.4622 0.5404 0.3757 0.4997 0.4960 0.2898 0.4686 0.3377 0.3014 0.5115 0.3617 0.4791 0.2888 0.4679 0.3321 0.4354 0.4983 0.2581 
avg train acc: 0.4528 avg test acc: 0.4205 min train acc: 0.1868(11) min test acc: 0.2581(29)
Attack result:(0.475, 0.4780316344463972, 0.544) (272, 297, 203, 228)
iter 375:
0.5695 0.5550 0.4817 0.3798 0.5459 0.6149 0.4295 0.3995 0.7037 0.3999 0.3312 0.2281 0.5244 0.6775 0.5611 0.4804 0.6006 0.3262 0.4398 0.4371 0.2841 0.6552 0.4111 0.5111 0.3295 0.6357 0.3536 0.3647 0.5187 0.2559 
0.5611 0.4660 0.3607 0.3757 0.5155 0.5273 0.4233 0.3200 0.5354 0.4544 0.4144 0.3072 0.4661 0.5390 0.3853 0.5177 0.5110 0.3078 0.4422 0.3524 0.3228 0.5146 0.3895 0.4949 0.3261 0.4653 0.3441 0.4403 0.4972 0.2785 
avg train acc: 0.4668 avg test acc: 0.4285 min train acc: 0.2281(11) min test acc: 0.2785(29)
Attack result:(0.492, 0.4927536231884058, 0.544) (272, 280, 220, 228)
iter 400:
0.5724 0.5977 0.5562 0.3858 0.6135 0.6558 0.3997 0.3615 0.7546 0.4787 0.3283 0.2299 0.5453 0.6951 0.5471 0.4335 0.5955 0.3024 0.5288 0.3476 0.3036 0.5624 0.4249 0.5611 0.3225 0.5885 0.3564 0.4497 0.5124 0.2642 
0.5656 0.4463 0.3987 0.3661 0.5267 0.5410 0.4223 0.3324 0.5549 0.4596 0.4146 0.3149 0.4762 0.5487 0.3881 0.5002 0.5151 0.3106 0.5032 0.3944 0.3426 0.4968 0.3838 0.5053 0.3416 0.4847 0.3888 0.4697 0.4998 0.2822 
avg train acc: 0.4758 avg test acc: 0.4392 min train acc: 0.2299(11) min test acc: 0.2822(29)
Attack result:(0.484, 0.48586572438162545, 0.55) (275, 291, 209, 225)
iter 410:
0.5894 0.6099 0.4742 0.4196 0.5965 0.6486 0.4497 0.4372 0.7136 0.4413 0.3280 0.2099 0.4835 0.6708 0.5667 0.4286 0.5670 0.3301 0.4991 0.3750 0.2731 0.6020 0.4724 0.5946 0.3719 0.6141 0.3729 0.4114 0.5754 0.2647 
0.5794 0.4681 0.3821 0.3815 0.5210 0.5455 0.4202 0.3397 0.5595 0.4474 0.4129 0.3177 0.4593 0.5430 0.3941 0.4980 0.5155 0.3375 0.4832 0.3913 0.3445 0.5057 0.4076 0.5221 0.3506 0.4814 0.3719 0.4847 0.5184 0.2823 
avg train acc: 0.4797 avg test acc: 0.4422 min train acc: 0.2099(11) min test acc: 0.2823(29)
Attack result:(0.479, 0.48217317487266553, 0.568) (284, 305, 195, 216)
iter 420:
0.5862 0.5910 0.4708 0.4365 0.5611 0.6203 0.4422 0.4528 0.7325 0.5080 0.2839 0.2229 0.4970 0.6726 0.5575 0.4852 0.6487 0.3392 0.4997 0.4459 0.3161 0.5951 0.4208 0.4648 0.3545 0.6097 0.3859 0.4376 0.5481 0.2675 
0.5848 0.4534 0.3965 0.3809 0.5370 0.5460 0.4223 0.3513 0.5657 0.4711 0.4094 0.3273 0.4717 0.5337 0.4080 0.5171 0.5202 0.3330 0.5093 0.3897 0.3478 0.4995 0.4121 0.5123 0.3559 0.4971 0.3647 0.4898 0.5057 0.2972 
avg train acc: 0.4818 avg test acc: 0.4470 min train acc: 0.2229(11) min test acc: 0.2972(29)
Attack result:(0.493, 0.49417637271214643, 0.594) (297, 304, 196, 203)
iter 430:
0.5717 0.5859 0.4273 0.4003 0.5399 0.6310 0.4500 0.3881 0.7193 0.4492 0.2541 0.2252 0.4462 0.6008 0.5658 0.4836 0.6738 0.3353 0.5396 0.4633 0.3167 0.5938 0.4056 0.4692 0.3222 0.6269 0.4164 0.4407 0.5033 0.2908 
0.5737 0.4434 0.4052 0.3596 0.5284 0.5521 0.4307 0.3239 0.5682 0.4568 0.4047 0.3139 0.4739 0.5318 0.3801 0.4978 0.5246 0.3179 0.5228 0.4222 0.3639 0.5085 0.3929 0.5152 0.3345 0.4847 0.3906 0.4671 0.4890 0.2738 
avg train acc: 0.4712 avg test acc: 0.4417 min train acc: 0.2252(11) min test acc: 0.2738(29)
Attack result:(0.489, 0.4905008635578584, 0.568) (284, 295, 205, 216)
iter 440:
0.5888 0.6004 0.4412 0.4151 0.6126 0.5971 0.4481 0.4145 0.7256 0.4861 0.2864 0.2236 0.5151 0.5943 0.5531 0.4679 0.6306 0.3174 0.5592 0.4398 0.3428 0.5745 0.4864 0.5369 0.3421 0.6122 0.4049 0.4841 0.5702 0.2509 
0.5854 0.4731 0.4161 0.3705 0.5364 0.5452 0.4616 0.3426 0.5697 0.4859 0.4275 0.3217 0.4739 0.5539 0.3905 0.4892 0.5165 0.3412 0.5084 0.4074 0.3608 0.5332 0.4252 0.5455 0.3542 0.4890 0.3873 0.4873 0.5018 0.2806 
avg train acc: 0.4841 avg test acc: 0.4527 min train acc: 0.2236(11) min test acc: 0.2806(29)
Attack result:(0.471, 0.4746059544658494, 0.542) (271, 300, 200, 229)
iter 450:
0.6001 0.5298 0.4144 0.4246 0.6073 0.6222 0.3859 0.4190 0.6686 0.4525 0.3321 0.2536 0.5403 0.6633 0.5850 0.4750 0.6437 0.3730 0.5505 0.5095 0.4119 0.5703 0.4896 0.5799 0.4242 0.6417 0.3976 0.4929 0.5711 0.2894 
0.5923 0.4852 0.4111 0.3918 0.5481 0.5499 0.4468 0.3644 0.5827 0.4766 0.4290 0.3382 0.4715 0.5622 0.3982 0.4990 0.5383 0.3657 0.5145 0.4246 0.3678 0.5069 0.4321 0.5559 0.3741 0.4897 0.3928 0.4924 0.5172 0.3064 
avg train acc: 0.4973 avg test acc: 0.4608 min train acc: 0.2536(11) min test acc: 0.3064(29)
Attack result:(0.481, 0.4839797639123103, 0.574) (287, 306, 194, 213)
iter 460:
0.6102 0.5619 0.4655 0.4685 0.5954 0.6409 0.4275 0.4545 0.7033 0.4153 0.3123 0.2167 0.5135 0.6719 0.5906 0.4425 0.6172 0.3815 0.5691 0.4172 0.3879 0.6285 0.4667 0.6381 0.3981 0.6132 0.4007 0.4513 0.5356 0.3127 
0.5968 0.4922 0.4086 0.4124 0.5352 0.5433 0.4579 0.3713 0.5683 0.4781 0.4354 0.3381 0.4889 0.5589 0.3881 0.5010 0.5513 0.3649 0.5311 0.4253 0.3707 0.5258 0.4482 0.5646 0.3760 0.4908 0.3855 0.5138 0.5311 0.3201 
avg train acc: 0.4969 avg test acc: 0.4658 min train acc: 0.2167(11) min test acc: 0.3201(29)
Attack result:(0.483, 0.4862236628849271, 0.6) (300, 317, 183, 200)
iter 470:
0.5934 0.6035 0.4111 0.4408 0.5729 0.5833 0.4819 0.4360 0.7115 0.5155 0.3070 0.2208 0.5336 0.6592 0.5649 0.4779 0.6680 0.3876 0.5553 0.4112 0.3803 0.6549 0.4791 0.5852 0.3524 0.6288 0.3765 0.4646 0.5270 0.2847 
0.5930 0.4844 0.4103 0.4070 0.5485 0.5529 0.4761 0.3632 0.5875 0.4978 0.4379 0.3361 0.4985 0.5716 0.3910 0.5204 0.5505 0.3728 0.5267 0.4132 0.3721 0.5406 0.4316 0.5409 0.3631 0.4899 0.3850 0.5022 0.5360 0.3023 
avg train acc: 0.4956 avg test acc: 0.4668 min train acc: 0.2208(11) min test acc: 0.3023(29)
Attack result:(0.484, 0.48705501618122976, 0.602) (301, 317, 183, 199)
iter 480:
0.5812 0.5966 0.4398 0.3862 0.5930 0.6004 0.4703 0.3683 0.6822 0.5703 0.3767 0.2281 0.5679 0.6443 0.5600 0.5070 0.6160 0.3714 0.5696 0.4607 0.3781 0.6985 0.4340 0.5209 0.3945 0.6057 0.3948 0.4634 0.5279 0.2313 
0.5786 0.4820 0.4156 0.3712 0.5413 0.5476 0.4916 0.3350 0.5561 0.5070 0.4617 0.3069 0.5200 0.5599 0.3896 0.5257 0.5346 0.3475 0.5263 0.4293 0.3725 0.5337 0.4226 0.5401 0.3497 0.4613 0.3957 0.4868 0.5036 0.2734 
avg train acc: 0.4946 avg test acc: 0.4589 min train acc: 0.2281(11) min test acc: 0.2734(29)
Attack result:(0.478, 0.4811643835616438, 0.562) (281, 303, 197, 219)
iter 490:
0.5975 0.5123 0.3871 0.3851 0.6333 0.6584 0.4261 0.3964 0.7254 0.4742 0.3947 0.2399 0.5755 0.6683 0.5406 0.4733 0.6265 0.3748 0.5311 0.4412 0.4030 0.6427 0.4504 0.6404 0.3919 0.6219 0.4175 0.5146 0.5552 0.2649 
0.5911 0.4940 0.4075 0.4025 0.5680 0.5756 0.4808 0.3461 0.5840 0.5072 0.4461 0.3190 0.4957 0.5814 0.3950 0.5160 0.5378 0.3669 0.5358 0.4329 0.3784 0.5456 0.4339 0.5712 0.3560 0.4923 0.3955 0.5077 0.5310 0.2994 
avg train acc: 0.4988 avg test acc: 0.4698 min train acc: 0.2399(11) min test acc: 0.2994(29)
Attack result:(0.495, 0.49572649572649574, 0.58) (290, 295, 205, 210)
iter 500:
0.6092 0.4968 0.4637 0.4186 0.6473 0.6417 0.4464 0.4431 0.7270 0.5137 0.3662 0.2734 0.5383 0.6205 0.5742 0.5170 0.6952 0.3596 0.5594 0.3908 0.4546 0.5972 0.5017 0.6908 0.4270 0.6425 0.3846 0.4689 0.4876 0.2599 
0.5998 0.4764 0.4186 0.4127 0.5588 0.5627 0.4912 0.3734 0.5863 0.5089 0.4702 0.3438 0.5102 0.5538 0.4249 0.5417 0.5565 0.3790 0.5374 0.4449 0.4019 0.5527 0.4475 0.5613 0.3814 0.4950 0.4124 0.5164 0.5355 0.3169 
avg train acc: 0.5072 avg test acc: 0.4791 min train acc: 0.2599(29) min test acc: 0.3169(29)
Attack result:(0.498, 0.49833333333333335, 0.598) (299, 301, 199, 201)
iter 525:
0.6189 0.5431 0.4485 0.4845 0.5934 0.6941 0.4619 0.4736 0.7315 0.4700 0.3719 0.3470 0.5724 0.6828 0.5738 0.5650 0.6953 0.4347 0.5889 0.3995 0.5146 0.6185 0.5051 0.6899 0.4148 0.6707 0.3882 0.5100 0.5776 0.3552 
0.6121 0.5325 0.4393 0.4456 0.5758 0.6022 0.4884 0.4003 0.6001 0.4982 0.4866 0.3868 0.5373 0.5996 0.4312 0.5578 0.5900 0.3998 0.5580 0.4336 0.3761 0.5536 0.4689 0.5856 0.4246 0.5398 0.4022 0.5515 0.5756 0.3617 
avg train acc: 0.5332 avg test acc: 0.5005 min train acc: 0.3470(11) min test acc: 0.3617(29)
Attack result:(0.487, 0.48925619834710743, 0.592) (296, 309, 191, 204)
iter 550:
0.6331 0.5493 0.4988 0.4703 0.5734 0.6954 0.4915 0.4725 0.7323 0.4190 0.4085 0.3063 0.5710 0.7532 0.5790 0.5511 0.6504 0.3937 0.5576 0.3199 0.4168 0.6739 0.4435 0.6166 0.4580 0.7032 0.3854 0.5363 0.5684 0.3437 
0.6188 0.5173 0.4513 0.4309 0.5699 0.6090 0.4906 0.3878 0.5894 0.5048 0.4871 0.3995 0.5103 0.6086 0.4498 0.5710 0.5908 0.3734 0.5677 0.3874 0.3533 0.5588 0.4452 0.5561 0.4063 0.5817 0.4082 0.5228 0.5575 0.3507 
avg train acc: 0.5257 avg test acc: 0.4952 min train acc: 0.3063(11) min test acc: 0.3507(29)
Attack result:(0.479, 0.48314606741573035, 0.602) (301, 322, 178, 199)
iter 575:
0.6324 0.5269 0.5014 0.3937 0.6073 0.7300 0.4934 0.3748 0.7293 0.4596 0.3564 0.2253 0.5253 0.7163 0.5379 0.5643 0.7297 0.3018 0.5587 0.3289 0.3508 0.6715 0.3438 0.5183 0.3579 0.7120 0.3729 0.4808 0.4751 0.2478 
0.6259 0.4605 0.4146 0.3639 0.5607 0.6146 0.4634 0.3062 0.6043 0.4706 0.4497 0.3406 0.4948 0.6113 0.4207 0.5741 0.5951 0.3014 0.5569 0.3244 0.3099 0.5204 0.3765 0.5050 0.3295 0.5687 0.3794 0.4612 0.5160 0.2722 
avg train acc: 0.4941 avg test acc: 0.4597 min train acc: 0.2253(11) min test acc: 0.2722(29)
Attack result:(0.492, 0.49363057324840764, 0.62) (310, 318, 182, 190)
iter 600:
0.6230 0.5636 0.4385 0.3427 0.6932 0.6818 0.3601 0.3824 0.7650 0.3504 0.2432 0.2215 0.4949 0.6814 0.5109 0.5292 0.7142 0.2834 0.4663 0.2933 0.2819 0.6231 0.4074 0.5267 0.3643 0.6904 0.3938 0.3917 0.4998 0.2602 
0.6140 0.4394 0.3287 0.3293 0.5641 0.5798 0.3853 0.2971 0.5920 0.3750 0.3626 0.3018 0.4592 0.6041 0.3542 0.5296 0.5722 0.2920 0.4948 0.3162 0.2768 0.4920 0.3890 0.5313 0.3131 0.5613 0.3489 0.4415 0.4827 0.2513 
avg train acc: 0.4693 avg test acc: 0.4293 min train acc: 0.2215(11) min test acc: 0.2513(29)
Attack result:(0.486, 0.48878205128205127, 0.61) (305, 319, 181, 195)
iter 625:
0.6237 0.5814 0.5235 0.3883 0.6788 0.7322 0.3952 0.4663 0.7439 0.3866 0.3495 0.2408 0.5148 0.6788 0.5745 0.5775 0.6814 0.3099 0.5329 0.4315 0.3731 0.5909 0.4551 0.6565 0.3526 0.6760 0.4986 0.4715 0.5744 0.2853 
0.6140 0.4707 0.3980 0.3706 0.5929 0.5982 0.4398 0.3504 0.5919 0.4442 0.4199 0.3273 0.5062 0.5761 0.4191 0.5615 0.5985 0.3285 0.5407 0.4137 0.3774 0.5437 0.4468 0.5622 0.3523 0.5387 0.4239 0.4759 0.4902 0.2876 
avg train acc: 0.5115 avg test acc: 0.4687 min train acc: 0.2408(11) min test acc: 0.2876(29)
Attack result:(0.473, 0.4784, 0.598) (299, 326, 174, 201)
iter 650:
0.6228 0.5916 0.5586 0.4589 0.6436 0.6826 0.5241 0.4933 0.7341 0.5150 0.3396 0.2764 0.5758 0.6737 0.6138 0.5646 0.6412 0.3313 0.5921 0.5274 0.4682 0.6668 0.4991 0.6810 0.3787 0.6644 0.5150 0.5726 0.6125 0.2961 
0.6082 0.5049 0.4626 0.4005 0.6023 0.5799 0.5134 0.3975 0.6159 0.5212 0.4645 0.3622 0.5349 0.5836 0.4617 0.5731 0.6020 0.3846 0.5768 0.4848 0.4192 0.5790 0.4688 0.5897 0.3904 0.5631 0.4673 0.5111 0.5381 0.3360 
avg train acc: 0.5438 avg test acc: 0.5032 min train acc: 0.2764(11) min test acc: 0.3360(29)
Attack result:(0.471, 0.47702060221870046, 0.602) (301, 330, 170, 199)
iter 675:
0.6283 0.5364 0.5480 0.4764 0.6819 0.6872 0.5156 0.4509 0.7608 0.4582 0.3977 0.2710 0.5562 0.6430 0.6198 0.5702 0.6272 0.3458 0.5597 0.4974 0.4299 0.6302 0.4413 0.6718 0.3520 0.6779 0.4545 0.5179 0.6126 0.2361 
0.6205 0.4893 0.4145 0.3976 0.6120 0.5785 0.4863 0.3792 0.6084 0.4905 0.4366 0.3444 0.5403 0.5953 0.4181 0.5653 0.5988 0.3891 0.5481 0.4561 0.3767 0.5706 0.4462 0.5939 0.3703 0.5286 0.4107 0.5130 0.5504 0.3096 
avg train acc: 0.5285 avg test acc: 0.4880 min train acc: 0.2361(29) min test acc: 0.3096(29)
Attack result:(0.477, 0.48171701112877585, 0.606) (303, 326, 174, 197)
iter 700:
0.6223 0.4902 0.4791 0.4245 0.7264 0.7141 0.5265 0.4592 0.7542 0.4498 0.3934 0.2356 0.4840 0.6494 0.5283 0.5131 0.5894 0.3833 0.5578 0.4706 0.4633 0.6715 0.4172 0.6411 0.3345 0.6344 0.4162 0.4649 0.5623 0.2375 
0.6181 0.4605 0.3930 0.3770 0.6195 0.5844 0.4838 0.3756 0.6191 0.5030 0.4258 0.3122 0.5158 0.5805 0.3951 0.5211 0.5694 0.3661 0.5557 0.4546 0.3918 0.5686 0.4457 0.5833 0.3557 0.4936 0.4071 0.4984 0.5369 0.2896 
avg train acc: 0.5098 avg test acc: 0.4767 min train acc: 0.2356(11) min test acc: 0.2896(29)
Attack result:(0.481, 0.4850863422291994, 0.618) (309, 328, 172, 191)
iter 725:
0.6319 0.4980 0.4861 0.4448 0.6869 0.6980 0.5762 0.4478 0.7344 0.4593 0.3533 0.2667 0.5179 0.6084 0.5620 0.5228 0.5922 0.3811 0.5457 0.4495 0.4182 0.6950 0.4797 0.7238 0.3923 0.6410 0.4102 0.4881 0.6231 0.2724 
0.6243 0.4941 0.3994 0.4087 0.6207 0.5655 0.4974 0.3786 0.6103 0.5231 0.4296 0.3373 0.5154 0.5687 0.3981 0.5370 0.5615 0.3924 0.5476 0.4495 0.3921 0.5894 0.4721 0.5864 0.3704 0.4982 0.3918 0.5247 0.5686 0.3154 
avg train acc: 0.5202 avg test acc: 0.4856 min train acc: 0.2667(11) min test acc: 0.3154(29)
Attack result:(0.489, 0.4914196567862715, 0.63) (315, 326, 174, 185)
iter 750:
0.6400 0.5935 0.5341 0.5078 0.7564 0.6719 0.5875 0.4387 0.7659 0.5138 0.3902 0.3007 0.5197 0.6732 0.6065 0.5658 0.6089 0.4289 0.6477 0.4243 0.4732 0.6361 0.5468 0.7415 0.4092 0.6529 0.4409 0.5042 0.6601 0.3158 
0.6273 0.5426 0.4497 0.4136 0.6103 0.6017 0.5404 0.4099 0.6349 0.5636 0.4766 0.3484 0.5440 0.5993 0.4349 0.5595 0.5781 0.4355 0.5802 0.5042 0.4271 0.6026 0.5000 0.6067 0.3907 0.5016 0.4355 0.5289 0.5849 0.3331 
avg train acc: 0.5519 avg test acc: 0.5122 min train acc: 0.3007(11) min test acc: 0.3331(29)
Attack result:(0.482, 0.4858490566037736, 0.618) (309, 327, 173, 191)
iter 775:
0.6292 0.5722 0.5709 0.5137 0.7477 0.7181 0.6013 0.4514 0.7423 0.5139 0.4539 0.2790 0.6181 0.7535 0.6209 0.5836 0.5924 0.4789 0.6318 0.4837 0.4470 0.6156 0.5285 0.7578 0.4263 0.6633 0.5054 0.4457 0.6733 0.3140 
0.6270 0.5659 0.4772 0.4394 0.6151 0.6058 0.5779 0.4157 0.6332 0.5822 0.5346 0.3570 0.5625 0.6206 0.4811 0.5807 0.5640 0.4446 0.5763 0.4978 0.4447 0.6065 0.5023 0.6166 0.3983 0.4971 0.4576 0.5401 0.5971 0.3352 
avg train acc: 0.5644 avg test acc: 0.5251 min train acc: 0.2790(11) min test acc: 0.3352(29)
Attack result:(0.494, 0.49537037037037035, 0.642) (321, 327, 173, 179)
iter 800:
0.6304 0.6096 0.5356 0.5663 0.7055 0.6459 0.5713 0.4739 0.7693 0.5380 0.4032 0.2778 0.6572 0.7582 0.6136 0.6131 0.6200 0.4561 0.5703 0.4675 0.4723 0.6458 0.5180 0.7187 0.4665 0.6563 0.4579 0.4813 0.7001 0.3671 
0.6260 0.5849 0.4612 0.4625 0.5971 0.5823 0.5749 0.4259 0.6331 0.5674 0.5258 0.3388 0.5744 0.6332 0.5001 0.5942 0.5628 0.4657 0.5769 0.4832 0.4349 0.6076 0.5028 0.6061 0.4160 0.5319 0.4662 0.5618 0.6228 0.3344 
avg train acc: 0.5656 avg test acc: 0.5285 min train acc: 0.2778(11) min test acc: 0.3344(29)
Attack result:(0.471, 0.4768740031897927, 0.598) (299, 328, 172, 201)
***** Best Attack Result ********
{
    "iter": 100,
    "attack_metric": [
        0.509,
        0.5119363395225465,
        0.386
    ],
    "pred_distribution": [
        193,
        184,
        316,
        307
    ]
}
