************* DL Setting *************
   Seed = 3407
   Setting = s6
   Graph = regular30_15
   Number of Attacker = 1
   Sample per user/ Num of Cover = 4166
   Num of member/non-member = 500
   Normal User Batch size = 128
   Attacker Batch size = 256
   Attack = norm
   Defense = trim
   data distribution = iid
   Init LR = 0.01
   LR Decay = [800]
   Max Iter = 800
   Normal Train Iter = 200
**************************************
iter 25:
0.3056 0.2638 0.2202 0.2723 0.2683 0.2698 0.2794 0.2828 0.2767 0.2727 0.2591 0.2490 0.2596 0.2783 0.2751 0.2660 0.2524 0.2565 0.2593 0.2707 0.2287 0.2755 0.2732 0.2570 0.2776 0.2804 0.2629 0.2864 0.2900 0.2479 
0.2887 0.2737 0.2222 0.2629 0.2691 0.2621 0.2724 0.2662 0.2727 0.2654 0.2509 0.2472 0.2605 0.2729 0.2612 0.2671 0.2548 0.2509 0.2588 0.2681 0.2308 0.2871 0.2697 0.2538 0.2688 0.2805 0.2493 0.2668 0.2795 0.2458 
avg train acc: 0.2672 avg test acc: 0.2627 min train acc: 0.2202(2) min test acc: 0.2222(2)
Attack result:(0.495, 0.49174917491749176, 0.298) (149, 154, 346, 351)
iter 50:
0.4084 0.3956 0.3231 0.3313 0.4003 0.4090 0.3848 0.2807 0.4275 0.4013 0.3900 0.2347 0.3793 0.4141 0.3940 0.3917 0.3542 0.3053 0.4177 0.3845 0.3220 0.4031 0.3756 0.3738 0.2789 0.3476 0.3441 0.3936 0.4002 0.2020 
0.4025 0.3967 0.3250 0.3332 0.3987 0.3947 0.3823 0.2781 0.4142 0.3979 0.3797 0.2368 0.3928 0.4033 0.3818 0.4050 0.3631 0.2991 0.4036 0.3821 0.3227 0.4035 0.3643 0.3880 0.2800 0.3485 0.3440 0.3867 0.3979 0.1992 
avg train acc: 0.3623 avg test acc: 0.3602 min train acc: 0.2020(29) min test acc: 0.1992(29)
Attack result:(0.478, 0.4729064039408867, 0.384) (192, 214, 286, 308)
iter 75:
0.4961 0.4782 0.3713 0.4267 0.4938 0.4636 0.4763 0.3849 0.5112 0.4854 0.4481 0.3018 0.4674 0.4974 0.4622 0.4684 0.4128 0.3909 0.4820 0.4566 0.3962 0.4976 0.4512 0.4345 0.3754 0.4321 0.4165 0.4893 0.4817 0.2865 
0.4916 0.4721 0.3799 0.4344 0.4885 0.4557 0.4708 0.3716 0.4961 0.4793 0.4351 0.3084 0.4683 0.4889 0.4478 0.4724 0.4142 0.3833 0.4808 0.4519 0.4015 0.4881 0.4457 0.4379 0.3698 0.4304 0.4082 0.4736 0.4829 0.2900 
avg train acc: 0.4412 avg test acc: 0.4373 min train acc: 0.2865(29) min test acc: 0.2900(29)
Attack result:(0.487, 0.4865424430641822, 0.47) (235, 248, 252, 265)
iter 100:
0.5282 0.5101 0.4534 0.4339 0.5333 0.5142 0.5151 0.3729 0.5506 0.5256 0.4946 0.3402 0.5156 0.5303 0.5133 0.5304 0.4885 0.4113 0.5261 0.5042 0.4389 0.5395 0.4719 0.4936 0.3890 0.4815 0.4773 0.5244 0.5220 0.2802 
0.5190 0.5060 0.4477 0.4447 0.5287 0.5092 0.5074 0.3703 0.5374 0.5162 0.4871 0.3511 0.5169 0.5214 0.4997 0.5286 0.4915 0.4045 0.5239 0.5018 0.4519 0.5296 0.4662 0.4964 0.3868 0.4742 0.4631 0.5040 0.5206 0.2855 
avg train acc: 0.4803 avg test acc: 0.4764 min train acc: 0.2802(29) min test acc: 0.2855(29)
Attack result:(0.48, 0.48023715415019763, 0.486) (243, 263, 237, 257)
iter 125:
0.5905 0.5525 0.4727 0.4878 0.5634 0.5526 0.5467 0.4441 0.5841 0.5661 0.5383 0.4288 0.5481 0.5855 0.5398 0.5637 0.5058 0.4399 0.5612 0.5229 0.4523 0.5629 0.5137 0.5147 0.4677 0.5250 0.4995 0.5710 0.5608 0.3733 
0.5702 0.5452 0.4728 0.5023 0.5590 0.5417 0.5352 0.4429 0.5730 0.5534 0.5226 0.4351 0.5421 0.5719 0.5309 0.5550 0.5138 0.4358 0.5595 0.5263 0.4646 0.5598 0.5126 0.5153 0.4585 0.5266 0.4882 0.5538 0.5592 0.3751 
avg train acc: 0.5212 avg test acc: 0.5167 min train acc: 0.3733(29) min test acc: 0.3751(29)
Attack result:(0.483, 0.48451730418943534, 0.532) (266, 283, 217, 234)
iter 150:
0.6212 0.5761 0.5322 0.5239 0.5915 0.5738 0.5707 0.4784 0.6180 0.5976 0.5876 0.4908 0.5818 0.6043 0.5818 0.5903 0.5389 0.4753 0.5983 0.5660 0.4978 0.6029 0.5324 0.5202 0.4998 0.5464 0.5479 0.5916 0.5898 0.4230 
0.5870 0.5710 0.5313 0.5351 0.5832 0.5769 0.5616 0.4765 0.5994 0.5881 0.5619 0.4877 0.5729 0.5903 0.5699 0.5879 0.5424 0.4686 0.5912 0.5688 0.5140 0.5912 0.5321 0.5245 0.4968 0.5444 0.5381 0.5809 0.5890 0.4189 
avg train acc: 0.5550 avg test acc: 0.5494 min train acc: 0.4230(29) min test acc: 0.4189(29)
Attack result:(0.487, 0.48881239242685026, 0.568) (284, 297, 203, 216)
iter 175:
0.6380 0.6001 0.5536 0.5808 0.5959 0.5926 0.6028 0.5441 0.6298 0.6101 0.5951 0.5503 0.5976 0.6229 0.6002 0.6012 0.5566 0.5340 0.6036 0.5720 0.5182 0.6116 0.5636 0.5526 0.5695 0.5679 0.5660 0.6223 0.6162 0.5098 
0.6144 0.5994 0.5443 0.5853 0.5872 0.5924 0.5871 0.5404 0.6064 0.5950 0.5709 0.5439 0.5853 0.6093 0.5858 0.5980 0.5587 0.5245 0.6008 0.5651 0.5213 0.5994 0.5668 0.5541 0.5608 0.5670 0.5567 0.6077 0.6142 0.5024 
avg train acc: 0.5826 avg test acc: 0.5748 min train acc: 0.5098(29) min test acc: 0.5024(29)
Attack result:(0.488, 0.49029126213592233, 0.606) (303, 315, 185, 197)
iter 200:
0.6581 0.6226 0.6004 0.5915 0.6215 0.6194 0.6245 0.5358 0.6483 0.6317 0.6304 0.5916 0.6289 0.6269 0.6289 0.6277 0.5999 0.5493 0.6307 0.5916 0.5683 0.6485 0.5810 0.5621 0.5879 0.5853 0.6136 0.6436 0.6377 0.5280 
0.6312 0.6195 0.5872 0.5992 0.6066 0.6145 0.6089 0.5391 0.6275 0.6211 0.6120 0.5785 0.6110 0.6129 0.6191 0.6275 0.5960 0.5405 0.6235 0.5895 0.5622 0.6299 0.5750 0.5678 0.5793 0.5886 0.5931 0.6256 0.6292 0.5202 
avg train acc: 0.6072 avg test acc: 0.5979 min train acc: 0.5280(29) min test acc: 0.5202(29)
Attack result:(0.475, 0.47987117552334946, 0.596) (298, 323, 177, 202)
iter 225:
0.6658 0.6354 0.5949 0.6109 0.6371 0.6252 0.6352 0.5551 0.6530 0.6373 0.6332 0.5876 0.6267 0.6566 0.6373 0.6464 0.6035 0.5386 0.6494 0.5976 0.5641 0.6580 0.5659 0.5578 0.6031 0.6085 0.6113 0.6595 0.6496 0.5428 
0.6447 0.6285 0.5916 0.6153 0.6269 0.6214 0.6208 0.5506 0.6394 0.6285 0.6121 0.5816 0.6191 0.6368 0.6225 0.6406 0.6042 0.5261 0.6367 0.5856 0.5603 0.6464 0.5678 0.5609 0.5977 0.6029 0.6016 0.6436 0.6462 0.5341 
avg train acc: 0.6149 avg test acc: 0.6065 min train acc: 0.5386(17) min test acc: 0.5261(17)
Attack result:(0.48, 0.48442367601246106, 0.622) (311, 331, 169, 189)
iter 250:
0.6885 0.6436 0.6240 0.6258 0.6549 0.6442 0.6504 0.5840 0.6694 0.6676 0.6562 0.6171 0.6447 0.6611 0.6510 0.6538 0.6196 0.5590 0.6700 0.6226 0.5960 0.6776 0.5866 0.5713 0.6266 0.6219 0.6322 0.6608 0.6599 0.5747 
0.6592 0.6393 0.6145 0.6285 0.6457 0.6335 0.6345 0.5782 0.6503 0.6502 0.6359 0.6119 0.6280 0.6424 0.6381 0.6518 0.6206 0.5456 0.6546 0.6131 0.5841 0.6614 0.5858 0.5770 0.6140 0.6187 0.6221 0.6488 0.6605 0.5626 
avg train acc: 0.6338 avg test acc: 0.6237 min train acc: 0.5590(17) min test acc: 0.5456(17)
Attack result:(0.479, 0.48377125193199383, 0.626) (313, 334, 166, 187)
iter 275:
0.6966 0.6542 0.6296 0.6329 0.6626 0.6643 0.6658 0.5941 0.6725 0.6790 0.6637 0.6263 0.6546 0.6606 0.6699 0.6738 0.6439 0.5666 0.6805 0.6165 0.6000 0.6843 0.5885 0.5932 0.6350 0.6441 0.6429 0.6640 0.6619 0.5915 
0.6701 0.6501 0.6297 0.6383 0.6521 0.6554 0.6554 0.5765 0.6533 0.6578 0.6485 0.6188 0.6415 0.6492 0.6533 0.6649 0.6376 0.5522 0.6623 0.6034 0.5931 0.6710 0.5823 0.5939 0.6200 0.6363 0.6379 0.6502 0.6634 0.5761 
avg train acc: 0.6438 avg test acc: 0.6332 min train acc: 0.5666(17) min test acc: 0.5522(17)
Attack result:(0.475, 0.48091603053435117, 0.63) (315, 340, 160, 185)
iter 300:
0.7004 0.6758 0.6355 0.6421 0.6629 0.6797 0.6701 0.5890 0.6756 0.6775 0.6668 0.6406 0.6496 0.6616 0.6692 0.6797 0.6531 0.5850 0.6724 0.6011 0.5809 0.6859 0.6165 0.6230 0.6255 0.6455 0.6420 0.6690 0.6857 0.5972 
0.6766 0.6727 0.6265 0.6506 0.6450 0.6642 0.6483 0.5791 0.6560 0.6542 0.6511 0.6317 0.6363 0.6411 0.6552 0.6735 0.6500 0.5672 0.6628 0.5955 0.5756 0.6659 0.6054 0.6260 0.6187 0.6405 0.6308 0.6678 0.6767 0.5789 
avg train acc: 0.6486 avg test acc: 0.6375 min train acc: 0.5809(20) min test acc: 0.5672(17)
Attack result:(0.468, 0.4759036144578313, 0.632) (316, 348, 152, 184)
iter 325:
0.7072 0.6809 0.6382 0.6331 0.6730 0.6946 0.6812 0.5603 0.7009 0.6849 0.6834 0.6057 0.6711 0.6906 0.6843 0.6888 0.6696 0.5655 0.6905 0.6217 0.5758 0.7023 0.5900 0.6310 0.6108 0.6633 0.6382 0.6745 0.6941 0.5454 
0.6832 0.6717 0.6297 0.6375 0.6652 0.6790 0.6631 0.5421 0.6787 0.6652 0.6593 0.6041 0.6611 0.6761 0.6675 0.6871 0.6638 0.5507 0.6754 0.6149 0.5743 0.6818 0.5853 0.6317 0.5935 0.6520 0.6288 0.6638 0.6862 0.5289 
avg train acc: 0.6517 avg test acc: 0.6401 min train acc: 0.5454(29) min test acc: 0.5289(29)
Attack result:(0.494, 0.4955223880597015, 0.664) (332, 338, 162, 168)
iter 350:
0.7139 0.6740 0.6302 0.6247 0.6901 0.7006 0.6891 0.5511 0.7259 0.7037 0.6864 0.5759 0.6848 0.7061 0.6878 0.6939 0.6781 0.5524 0.7040 0.6480 0.5816 0.7024 0.5970 0.6363 0.5940 0.6687 0.6439 0.6794 0.6841 0.5163 
0.6795 0.6697 0.6272 0.6206 0.6756 0.6819 0.6720 0.5424 0.6914 0.6741 0.6617 0.5798 0.6706 0.6893 0.6670 0.6843 0.6719 0.5382 0.6859 0.6455 0.5836 0.6895 0.6000 0.6312 0.5838 0.6567 0.6312 0.6696 0.6833 0.4970 
avg train acc: 0.6541 avg test acc: 0.6418 min train acc: 0.5163(29) min test acc: 0.4970(29)
Attack result:(0.48, 0.48563218390804597, 0.676) (338, 358, 142, 162)
iter 375:
0.7269 0.6863 0.6186 0.6230 0.6835 0.6966 0.6888 0.5789 0.7254 0.6840 0.6690 0.5701 0.6798 0.7021 0.6770 0.6942 0.6857 0.5664 0.6989 0.6415 0.5716 0.7109 0.6295 0.6610 0.6161 0.6905 0.6293 0.6891 0.6915 0.5108 
0.6923 0.6786 0.6223 0.6189 0.6746 0.6847 0.6797 0.5656 0.6947 0.6656 0.6557 0.5809 0.6708 0.6953 0.6616 0.6856 0.6785 0.5536 0.6835 0.6428 0.5703 0.6955 0.6259 0.6572 0.6021 0.6721 0.6168 0.6862 0.6867 0.4948 
avg train acc: 0.6566 avg test acc: 0.6464 min train acc: 0.5108(29) min test acc: 0.4948(29)
Attack result:(0.472, 0.4797687861271676, 0.664) (332, 360, 140, 168)
iter 400:
0.7259 0.6897 0.6274 0.6073 0.7089 0.6895 0.6964 0.5704 0.7359 0.6824 0.6764 0.5812 0.6927 0.7179 0.6780 0.7018 0.6766 0.5894 0.7096 0.6540 0.5740 0.7204 0.6422 0.6718 0.6337 0.7029 0.6334 0.6972 0.7069 0.4974 
0.6962 0.6892 0.6231 0.6120 0.6998 0.6844 0.6818 0.5670 0.7072 0.6666 0.6561 0.5837 0.6821 0.7034 0.6629 0.6879 0.6776 0.5816 0.6908 0.6607 0.5732 0.7005 0.6386 0.6708 0.6141 0.6855 0.6203 0.6927 0.6941 0.4916 
avg train acc: 0.6630 avg test acc: 0.6532 min train acc: 0.4974(29) min test acc: 0.4916(29)
Attack result:(0.477, 0.48326055312954874, 0.664) (332, 355, 145, 168)
iter 410:
0.7238 0.7017 0.6268 0.6183 0.6962 0.7059 0.6979 0.6063 0.7375 0.6948 0.6864 0.5589 0.6898 0.7223 0.6959 0.6979 0.6995 0.5951 0.7122 0.6749 0.5891 0.7160 0.6491 0.7027 0.6180 0.6996 0.6385 0.7011 0.7006 0.4922 
0.6934 0.6935 0.6240 0.6154 0.6919 0.6956 0.6873 0.5860 0.7062 0.6810 0.6667 0.5681 0.6877 0.7046 0.6706 0.6941 0.6952 0.5830 0.6983 0.6696 0.5947 0.7006 0.6515 0.6884 0.6008 0.6708 0.6271 0.6957 0.6937 0.4828 
avg train acc: 0.6683 avg test acc: 0.6573 min train acc: 0.4922(29) min test acc: 0.4828(29)
Attack result:(0.475, 0.48201438848920863, 0.67) (335, 360, 140, 165)
iter 420:
0.7259 0.6962 0.6261 0.6197 0.7184 0.7076 0.7032 0.6017 0.7346 0.7122 0.6985 0.5836 0.7047 0.7223 0.7041 0.7131 0.6976 0.6077 0.7201 0.6848 0.5901 0.7243 0.6532 0.6953 0.6307 0.7028 0.6510 0.7138 0.7147 0.5094 
0.6996 0.6902 0.6212 0.6206 0.7044 0.6941 0.6974 0.5906 0.7114 0.6932 0.6774 0.5850 0.6956 0.7019 0.6822 0.6951 0.6899 0.5936 0.7021 0.6807 0.6023 0.7066 0.6490 0.6814 0.6123 0.6740 0.6379 0.7006 0.6997 0.5030 
avg train acc: 0.6756 avg test acc: 0.6631 min train acc: 0.5094(29) min test acc: 0.5030(29)
Attack result:(0.467, 0.4763271162123386, 0.664) (332, 365, 135, 168)
iter 430:
0.7191 0.7008 0.6428 0.6281 0.7135 0.7119 0.7066 0.5896 0.7395 0.6997 0.6844 0.5622 0.7135 0.7196 0.7043 0.7140 0.7111 0.6231 0.7119 0.6843 0.6115 0.7282 0.6608 0.7024 0.6309 0.6899 0.6541 0.7063 0.7084 0.4892 
0.6930 0.6943 0.6343 0.6210 0.7041 0.7001 0.6997 0.5734 0.7109 0.6828 0.6620 0.5690 0.7036 0.6996 0.6806 0.7034 0.6970 0.6133 0.7000 0.6832 0.6095 0.7054 0.6554 0.6929 0.6098 0.6639 0.6399 0.6996 0.7024 0.4854 
avg train acc: 0.6754 avg test acc: 0.6630 min train acc: 0.4892(29) min test acc: 0.4854(29)
Attack result:(0.475, 0.481962481962482, 0.668) (334, 359, 141, 166)
iter 440:
0.7291 0.7100 0.6320 0.6380 0.7203 0.7031 0.7153 0.6299 0.7463 0.7017 0.6822 0.5758 0.7054 0.7159 0.6923 0.7158 0.6972 0.6318 0.7160 0.6876 0.6178 0.7338 0.6788 0.7080 0.6496 0.6988 0.6562 0.7140 0.7115 0.5234 
0.7075 0.6996 0.6238 0.6357 0.7106 0.6916 0.7060 0.6206 0.7185 0.6848 0.6629 0.5816 0.7005 0.7056 0.6779 0.7025 0.6865 0.6196 0.7025 0.6806 0.6177 0.7142 0.6729 0.6946 0.6365 0.6717 0.6456 0.7072 0.7024 0.5196 
avg train acc: 0.6812 avg test acc: 0.6700 min train acc: 0.5234(29) min test acc: 0.5196(29)
Attack result:(0.471, 0.4796633941093969, 0.684) (342, 371, 129, 158)
iter 450:
0.7295 0.7088 0.6328 0.6365 0.7208 0.7130 0.7172 0.6347 0.7500 0.7171 0.6981 0.5692 0.7243 0.7341 0.7071 0.7272 0.7040 0.6463 0.7404 0.7080 0.6390 0.7303 0.6766 0.7102 0.6427 0.6899 0.6630 0.7232 0.7229 0.5226 
0.7006 0.7038 0.6244 0.6378 0.7139 0.7000 0.7100 0.6229 0.7176 0.7000 0.6763 0.5788 0.7094 0.7131 0.6885 0.7073 0.6964 0.6312 0.7180 0.7011 0.6321 0.7149 0.6723 0.7004 0.6213 0.6671 0.6506 0.7101 0.7113 0.5205 
avg train acc: 0.6880 avg test acc: 0.6751 min train acc: 0.5226(29) min test acc: 0.5205(29)
Attack result:(0.483, 0.48787446504992865, 0.684) (342, 359, 141, 158)
iter 460:
0.7298 0.7176 0.6428 0.6415 0.7252 0.7121 0.7207 0.6297 0.7543 0.7236 0.6955 0.5857 0.7172 0.7309 0.7239 0.7209 0.7055 0.6581 0.7290 0.7031 0.6376 0.7462 0.6893 0.7172 0.6549 0.6881 0.6666 0.7274 0.7284 0.5201 
0.7067 0.7104 0.6359 0.6439 0.7184 0.6995 0.7128 0.6184 0.7239 0.6983 0.6725 0.5943 0.7086 0.7123 0.6945 0.7098 0.6951 0.6490 0.7124 0.6967 0.6346 0.7217 0.6824 0.7076 0.6351 0.6677 0.6584 0.7146 0.7136 0.5231 
avg train acc: 0.6914 avg test acc: 0.6791 min train acc: 0.5201(29) min test acc: 0.5231(29)
Attack result:(0.474, 0.481638418079096, 0.682) (341, 367, 133, 159)
iter 470:
0.7265 0.7242 0.6524 0.6375 0.7242 0.7152 0.7211 0.6356 0.7506 0.7279 0.6993 0.5689 0.7305 0.7280 0.7176 0.7260 0.7063 0.6604 0.7355 0.7136 0.6494 0.7437 0.6917 0.7273 0.6482 0.6754 0.6750 0.7236 0.7242 0.5261 
0.7083 0.7114 0.6391 0.6426 0.7185 0.6994 0.7119 0.6247 0.7238 0.7048 0.6735 0.5712 0.7165 0.7102 0.6921 0.7190 0.7005 0.6493 0.7161 0.6985 0.6458 0.7202 0.6804 0.7083 0.6294 0.6541 0.6596 0.7097 0.7113 0.5211 
avg train acc: 0.6929 avg test acc: 0.6790 min train acc: 0.5261(29) min test acc: 0.5211(29)
Attack result:(0.47, 0.4785714285714286, 0.67) (335, 365, 135, 165)
iter 480:
0.7345 0.7266 0.6505 0.6501 0.7270 0.7185 0.7228 0.6547 0.7565 0.7379 0.7129 0.5722 0.7238 0.7356 0.7226 0.7328 0.7001 0.6669 0.7370 0.7141 0.6609 0.7459 0.6970 0.7219 0.6471 0.6918 0.6781 0.7284 0.7283 0.5309 
0.7106 0.7166 0.6358 0.6469 0.7174 0.6996 0.7171 0.6407 0.7234 0.7182 0.6885 0.5845 0.7142 0.7105 0.6969 0.7157 0.6909 0.6570 0.7217 0.7058 0.6525 0.7240 0.6887 0.7099 0.6275 0.6685 0.6608 0.7192 0.7175 0.5287 
avg train acc: 0.6976 avg test acc: 0.6836 min train acc: 0.5309(29) min test acc: 0.5287(29)
Attack result:(0.477, 0.4839609483960948, 0.694) (347, 370, 130, 153)
iter 490:
0.7421 0.7409 0.6384 0.6764 0.7257 0.7114 0.7306 0.6658 0.7576 0.7268 0.7003 0.6002 0.7213 0.7393 0.7210 0.7327 0.6967 0.6820 0.7254 0.7097 0.6455 0.7504 0.7190 0.7266 0.6650 0.7108 0.6769 0.7314 0.7379 0.5593 
0.7201 0.7213 0.6233 0.6730 0.7219 0.6971 0.7173 0.6498 0.7312 0.7073 0.6745 0.6075 0.7128 0.7171 0.6930 0.7135 0.6852 0.6715 0.7130 0.6971 0.6394 0.7281 0.7028 0.7080 0.6502 0.6850 0.6587 0.7223 0.7261 0.5557 
avg train acc: 0.7023 avg test acc: 0.6875 min train acc: 0.5593(29) min test acc: 0.5557(29)
Attack result:(0.483, 0.48801128349788436, 0.692) (346, 363, 137, 154)
iter 500:
0.7421 0.7393 0.6565 0.6633 0.7473 0.7176 0.7344 0.6568 0.7574 0.7369 0.7132 0.5962 0.7321 0.7459 0.7191 0.7403 0.6961 0.6734 0.7501 0.7151 0.6629 0.7564 0.7050 0.7278 0.6632 0.6954 0.6758 0.7286 0.7331 0.5575 
0.7200 0.7245 0.6412 0.6652 0.7308 0.7004 0.7218 0.6447 0.7336 0.7167 0.6879 0.5999 0.7209 0.7252 0.7021 0.7185 0.6861 0.6717 0.7236 0.7047 0.6557 0.7326 0.6932 0.7133 0.6488 0.6742 0.6630 0.7157 0.7258 0.5511 
avg train acc: 0.7046 avg test acc: 0.6904 min train acc: 0.5575(29) min test acc: 0.5511(29)
Attack result:(0.469, 0.4782608695652174, 0.682) (341, 372, 128, 159)
iter 525:
0.7459 0.7460 0.6629 0.6917 0.7327 0.7213 0.7466 0.6644 0.7689 0.7454 0.7158 0.6113 0.7311 0.7546 0.7278 0.7446 0.7026 0.6931 0.7371 0.7185 0.6704 0.7601 0.7230 0.7420 0.6815 0.7042 0.6977 0.7448 0.7470 0.5737 
0.7261 0.7325 0.6488 0.6896 0.7240 0.7064 0.7306 0.6569 0.7377 0.7229 0.6925 0.6203 0.7178 0.7309 0.7053 0.7275 0.6952 0.6836 0.7228 0.7032 0.6632 0.7353 0.7120 0.7209 0.6638 0.6848 0.6776 0.7301 0.7338 0.5676 
avg train acc: 0.7136 avg test acc: 0.6988 min train acc: 0.5737(29) min test acc: 0.5676(29)
Attack result:(0.475, 0.4825662482566248, 0.692) (346, 371, 129, 154)
iter 550:
0.7560 0.7492 0.6523 0.7073 0.7461 0.7222 0.7514 0.6884 0.7726 0.7538 0.7237 0.6249 0.7465 0.7619 0.7354 0.7417 0.6968 0.7006 0.7553 0.7275 0.6742 0.7658 0.7307 0.7351 0.6834 0.7287 0.6823 0.7512 0.7591 0.6067 
0.7323 0.7347 0.6428 0.7020 0.7351 0.7029 0.7354 0.6767 0.7390 0.7341 0.6982 0.6314 0.7232 0.7380 0.7112 0.7252 0.6860 0.6893 0.7319 0.7095 0.6643 0.7415 0.7113 0.7124 0.6710 0.6999 0.6718 0.7329 0.7387 0.5942 
avg train acc: 0.7210 avg test acc: 0.7039 min train acc: 0.6067(29) min test acc: 0.5942(29)
Attack result:(0.477, 0.48418156808803303, 0.704) (352, 375, 125, 148)
iter 575:
0.7605 0.7635 0.6791 0.7016 0.7397 0.7379 0.7530 0.6765 0.7766 0.7563 0.7401 0.6043 0.7549 0.7675 0.7458 0.7601 0.7153 0.6957 0.7599 0.7297 0.6972 0.7640 0.7244 0.7403 0.6742 0.7187 0.7014 0.7405 0.7551 0.5899 
0.7310 0.7415 0.6695 0.6980 0.7313 0.7213 0.7350 0.6617 0.7431 0.7348 0.7183 0.6135 0.7344 0.7436 0.7195 0.7364 0.7051 0.6835 0.7370 0.7131 0.6824 0.7402 0.7116 0.7223 0.6597 0.6914 0.6883 0.7309 0.7394 0.5800 
avg train acc: 0.7241 avg test acc: 0.7073 min train acc: 0.5899(29) min test acc: 0.5800(29)
Attack result:(0.471, 0.48043184885290147, 0.712) (356, 385, 115, 144)
iter 600:
0.7536 0.7588 0.6989 0.6982 0.7451 0.7555 0.7480 0.6756 0.7778 0.7644 0.7479 0.6129 0.7559 0.7685 0.7470 0.7578 0.7326 0.6933 0.7660 0.7345 0.7017 0.7658 0.7194 0.7456 0.6729 0.7079 0.7104 0.7348 0.7505 0.5975 
0.7320 0.7397 0.6861 0.6888 0.7325 0.7327 0.7298 0.6604 0.7488 0.7381 0.7231 0.6166 0.7345 0.7407 0.7279 0.7366 0.7195 0.6837 0.7424 0.7171 0.6903 0.7427 0.7036 0.7269 0.6572 0.6807 0.6937 0.7185 0.7382 0.5870 
avg train acc: 0.7266 avg test acc: 0.7090 min train acc: 0.5975(29) min test acc: 0.5870(29)
Attack result:(0.466, 0.4766483516483517, 0.694) (347, 381, 119, 153)
iter 625:
0.7586 0.7663 0.6871 0.7156 0.7532 0.7425 0.7551 0.6951 0.7846 0.7677 0.7392 0.6402 0.7550 0.7765 0.7558 0.7704 0.7281 0.7161 0.7675 0.7411 0.7014 0.7750 0.7322 0.7510 0.6990 0.7175 0.7114 0.7632 0.7737 0.6185 
0.7403 0.7477 0.6750 0.7084 0.7362 0.7311 0.7400 0.6806 0.7503 0.7421 0.7174 0.6395 0.7377 0.7480 0.7266 0.7473 0.7175 0.7061 0.7476 0.7250 0.6912 0.7509 0.7206 0.7342 0.6824 0.6932 0.7015 0.7398 0.7498 0.6115 
avg train acc: 0.7353 avg test acc: 0.7180 min train acc: 0.6185(29) min test acc: 0.6115(29)
Attack result:(0.479, 0.4857916102841678, 0.718) (359, 380, 120, 141)
iter 650:
0.7652 0.7635 0.6692 0.7186 0.7579 0.7394 0.7579 0.7148 0.7859 0.7728 0.7494 0.6370 0.7652 0.7609 0.7611 0.7577 0.7133 0.7186 0.7719 0.7385 0.6876 0.7851 0.7457 0.7549 0.7003 0.7330 0.7046 0.7611 0.7736 0.6332 
0.7465 0.7490 0.6552 0.7057 0.7405 0.7180 0.7381 0.7004 0.7534 0.7473 0.7238 0.6378 0.7358 0.7389 0.7333 0.7369 0.7039 0.7044 0.7440 0.7203 0.6776 0.7535 0.7342 0.7242 0.6898 0.7026 0.6880 0.7461 0.7494 0.6247 
avg train acc: 0.7366 avg test acc: 0.7174 min train acc: 0.6332(29) min test acc: 0.6247(29)
Attack result:(0.49, 0.4932795698924731, 0.734) (367, 377, 123, 133)
iter 675:
0.7714 0.7693 0.6594 0.7149 0.7684 0.7288 0.7695 0.7060 0.7911 0.7634 0.7413 0.6183 0.7710 0.7753 0.7601 0.7650 0.7047 0.7333 0.7740 0.7471 0.6803 0.7886 0.7388 0.7396 0.7105 0.7315 0.6983 0.7576 0.7806 0.6112 
0.7499 0.7520 0.6426 0.7090 0.7490 0.7123 0.7479 0.6874 0.7588 0.7393 0.7201 0.6205 0.7473 0.7487 0.7282 0.7465 0.6959 0.7117 0.7457 0.7283 0.6802 0.7591 0.7251 0.7208 0.6919 0.7070 0.6840 0.7457 0.7529 0.6073 
avg train acc: 0.7356 avg test acc: 0.7172 min train acc: 0.6112(29) min test acc: 0.6073(29)
Attack result:(0.472, 0.4816272965879265, 0.734) (367, 395, 105, 133)
iter 700:
0.7588 0.7716 0.6776 0.6838 0.7612 0.7465 0.7575 0.6978 0.7895 0.7636 0.7405 0.5844 0.7770 0.7580 0.7593 0.7725 0.7243 0.7192 0.7789 0.7488 0.6972 0.7812 0.7338 0.7573 0.6871 0.6951 0.7077 0.7609 0.7722 0.5864 
0.7345 0.7466 0.6620 0.6788 0.7392 0.7285 0.7411 0.6750 0.7560 0.7398 0.7198 0.5861 0.7470 0.7317 0.7363 0.7489 0.7183 0.7017 0.7519 0.7224 0.6884 0.7516 0.7208 0.7353 0.6724 0.6713 0.6925 0.7421 0.7464 0.5809 
avg train acc: 0.7317 avg test acc: 0.7122 min train acc: 0.5844(11) min test acc: 0.5809(29)
Attack result:(0.478, 0.48484848484848486, 0.704) (352, 374, 126, 148)
iter 725:
0.7574 0.7789 0.6712 0.6791 0.7774 0.7486 0.7607 0.6966 0.7940 0.7607 0.7345 0.5961 0.7750 0.7739 0.7667 0.7803 0.7326 0.7241 0.7865 0.7565 0.6998 0.7968 0.7365 0.7552 0.6956 0.6922 0.7140 0.7654 0.7785 0.5844 
0.7339 0.7517 0.6586 0.6782 0.7524 0.7314 0.7464 0.6773 0.7598 0.7375 0.7142 0.5971 0.7558 0.7447 0.7400 0.7541 0.7187 0.6998 0.7600 0.7404 0.6973 0.7630 0.7181 0.7358 0.6770 0.6721 0.7003 0.7487 0.7494 0.5759 
avg train acc: 0.7356 avg test acc: 0.7163 min train acc: 0.5844(29) min test acc: 0.5759(29)
Attack result:(0.48, 0.4864864864864865, 0.72) (360, 380, 120, 140)
iter 750:
0.7650 0.7770 0.6773 0.6929 0.7860 0.7452 0.7669 0.7083 0.7964 0.7742 0.7555 0.6060 0.7780 0.7589 0.7733 0.7664 0.7271 0.7155 0.7810 0.7585 0.6816 0.7891 0.7512 0.7632 0.6938 0.7214 0.7035 0.7772 0.7811 0.5997 
0.7439 0.7579 0.6594 0.6870 0.7582 0.7282 0.7497 0.6876 0.7653 0.7486 0.7274 0.6061 0.7524 0.7370 0.7411 0.7459 0.7173 0.6930 0.7563 0.7365 0.6774 0.7599 0.7387 0.7445 0.6730 0.6890 0.6933 0.7550 0.7522 0.5935 
avg train acc: 0.7390 avg test acc: 0.7192 min train acc: 0.5997(29) min test acc: 0.5935(29)
Attack result:(0.489, 0.4925373134328358, 0.726) (363, 374, 126, 137)
iter 775:
0.7778 0.7910 0.6593 0.7039 0.7905 0.7410 0.7807 0.7125 0.8088 0.7778 0.7406 0.6116 0.7731 0.7845 0.7596 0.7693 0.7230 0.7307 0.7827 0.7604 0.6841 0.7999 0.7499 0.7606 0.6947 0.7390 0.7001 0.7742 0.7942 0.5903 
0.7536 0.7633 0.6435 0.6963 0.7666 0.7228 0.7600 0.6887 0.7705 0.7462 0.7179 0.6142 0.7554 0.7494 0.7322 0.7508 0.7087 0.7057 0.7590 0.7408 0.6798 0.7676 0.7389 0.7487 0.6757 0.7103 0.6826 0.7597 0.7588 0.5784 
avg train acc: 0.7422 avg test acc: 0.7215 min train acc: 0.5903(29) min test acc: 0.5784(29)
Attack result:(0.477, 0.48488830486202367, 0.738) (369, 392, 108, 131)
iter 800:
0.7738 0.7800 0.6799 0.6847 0.7982 0.7550 0.7830 0.6773 0.8084 0.7749 0.7368 0.5839 0.7847 0.7858 0.7612 0.7800 0.7320 0.7135 0.7851 0.7498 0.6788 0.7992 0.7383 0.7771 0.6828 0.7138 0.7076 0.7663 0.7831 0.5615 
0.7476 0.7568 0.6647 0.6808 0.7677 0.7353 0.7606 0.6619 0.7691 0.7461 0.7123 0.5902 0.7583 0.7549 0.7306 0.7560 0.7234 0.6858 0.7579 0.7292 0.6767 0.7660 0.7297 0.7564 0.6590 0.6907 0.6879 0.7524 0.7519 0.5508 
avg train acc: 0.7379 avg test acc: 0.7170 min train acc: 0.5615(29) min test acc: 0.5508(29)
Attack result:(0.481, 0.4871447902571042, 0.72) (360, 379, 121, 140)
***** Best Attack Result ********
{
    "iter": 25,
    "attack_metric": [
        0.495,
        0.49174917491749176,
        0.298
    ],
    "pred_distribution": [
        149,
        154,
        346,
        351
    ]
}
