************* DL Setting *************
   Seed = 3407
   Setting = s6
   Graph = regular30_15
   Number of Attacker = 1
   Sample per user/ Num of Cover = 4166
   Num of member/non-member = 300
   Normal User Batch size = 128
   Attacker Batch size = 256
   Attack = angle
   Defense = trim
   data distribution = iid
   Init LR = 0.01
   LR Decay = [800]
   Max Iter = 800
   Normal Train Iter = 200
**************************************
iter 25:
0.3041 0.2732 0.2306 0.2714 0.2746 0.2722 0.2787 0.2852 0.2862 0.2758 0.2662 0.2508 0.2570 0.2767 0.2754 0.2712 0.2587 0.2472 0.2601 0.2718 0.2259 0.2805 0.2766 0.2578 0.2821 0.2867 0.2630 0.2909 0.2881 0.2573 
0.2880 0.2776 0.2272 0.2646 0.2698 0.2646 0.2720 0.2689 0.2755 0.2632 0.2553 0.2498 0.2601 0.2745 0.2623 0.2683 0.2607 0.2444 0.2585 0.2661 0.2303 0.2887 0.2713 0.2559 0.2697 0.2829 0.2519 0.2695 0.2792 0.2539 
avg train acc: 0.2699 avg test acc: 0.2642 min train acc: 0.2259(20) min test acc: 0.2272(2)
Attack result:(0.505, 0.509090909090909, 0.28) (84, 81, 219, 216)
iter 50:
0.4055 0.3902 0.3228 0.3271 0.3917 0.4008 0.3774 0.2816 0.4203 0.4053 0.3892 0.2444 0.3751 0.4074 0.3939 0.3862 0.3549 0.3043 0.4139 0.3860 0.3211 0.4031 0.3580 0.3649 0.2854 0.3396 0.3502 0.3900 0.3951 0.2050 
0.3963 0.3883 0.3270 0.3300 0.3903 0.3899 0.3761 0.2793 0.4080 0.3933 0.3770 0.2416 0.3901 0.3971 0.3793 0.3992 0.3624 0.2940 0.4016 0.3801 0.3221 0.3977 0.3563 0.3764 0.2850 0.3445 0.3448 0.3821 0.3927 0.2033 
avg train acc: 0.3597 avg test acc: 0.3569 min train acc: 0.2050(29) min test acc: 0.2033(29)
Attack result:(0.49166666666666664, 0.48917748917748916, 0.37666666666666665) (113, 118, 182, 187)
iter 75:
0.4947 0.4756 0.3765 0.4280 0.4953 0.4608 0.4784 0.3905 0.5096 0.4856 0.4504 0.3032 0.4680 0.4957 0.4669 0.4663 0.4117 0.3909 0.4875 0.4608 0.4059 0.4988 0.4470 0.4307 0.3741 0.4257 0.4228 0.4836 0.4757 0.2940 
0.4879 0.4678 0.3856 0.4286 0.4842 0.4519 0.4692 0.3737 0.4947 0.4775 0.4370 0.3102 0.4687 0.4816 0.4504 0.4706 0.4160 0.3800 0.4820 0.4565 0.4077 0.4861 0.4366 0.4304 0.3743 0.4233 0.4140 0.4675 0.4784 0.2957 
avg train acc: 0.4418 avg test acc: 0.4363 min train acc: 0.2940(29) min test acc: 0.2957(29)
Attack result:(0.485, 0.48363636363636364, 0.44333333333333336) (133, 142, 158, 167)
iter 100:
0.5258 0.5111 0.4429 0.4306 0.5337 0.5049 0.5166 0.3823 0.5512 0.5221 0.4908 0.3375 0.5165 0.5316 0.5097 0.5249 0.4835 0.4154 0.5275 0.5033 0.4384 0.5393 0.4656 0.4977 0.3907 0.4752 0.4787 0.5218 0.5159 0.2819 
0.5181 0.5070 0.4398 0.4380 0.5275 0.5065 0.5072 0.3709 0.5364 0.5174 0.4833 0.3466 0.5158 0.5177 0.4991 0.5275 0.4933 0.4038 0.5248 0.5044 0.4516 0.5268 0.4636 0.4962 0.3893 0.4685 0.4597 0.5014 0.5168 0.2874 
avg train acc: 0.4789 avg test acc: 0.4749 min train acc: 0.2819(29) min test acc: 0.2874(29)
Attack result:(0.48833333333333334, 0.4884488448844885, 0.49333333333333335) (148, 155, 145, 152)
iter 125:
0.5828 0.5409 0.4635 0.4788 0.5662 0.5449 0.5473 0.4370 0.5832 0.5572 0.5352 0.4183 0.5492 0.5869 0.5366 0.5573 0.5041 0.4349 0.5654 0.5259 0.4492 0.5698 0.5032 0.5060 0.4626 0.5231 0.4890 0.5713 0.5477 0.3663 
0.5663 0.5400 0.4578 0.4948 0.5570 0.5327 0.5331 0.4314 0.5699 0.5483 0.5164 0.4245 0.5410 0.5670 0.5262 0.5510 0.5104 0.4290 0.5553 0.5215 0.4588 0.5591 0.5032 0.5067 0.4568 0.5241 0.4797 0.5518 0.5547 0.3670 
avg train acc: 0.5168 avg test acc: 0.5112 min train acc: 0.3663(29) min test acc: 0.3670(29)
Attack result:(0.48333333333333334, 0.484375, 0.5166666666666667) (155, 165, 135, 145)
iter 150:
0.6134 0.5621 0.5170 0.5161 0.5849 0.5667 0.5660 0.4708 0.6134 0.5931 0.5720 0.4724 0.5768 0.5936 0.5766 0.5825 0.5299 0.4713 0.5969 0.5679 0.4944 0.6003 0.5235 0.5177 0.4919 0.5324 0.5407 0.5828 0.5806 0.4050 
0.5822 0.5644 0.5152 0.5209 0.5797 0.5668 0.5572 0.4680 0.5955 0.5841 0.5527 0.4679 0.5667 0.5817 0.5639 0.5800 0.5374 0.4585 0.5876 0.5652 0.5041 0.5871 0.5256 0.5189 0.4871 0.5352 0.5253 0.5767 0.5819 0.4055 
avg train acc: 0.5471 avg test acc: 0.5414 min train acc: 0.4050(29) min test acc: 0.4055(29)
Attack result:(0.49, 0.49122807017543857, 0.56) (168, 174, 126, 132)
iter 175:
0.6307 0.5958 0.5412 0.5716 0.5956 0.5919 0.6003 0.5425 0.6286 0.6011 0.5858 0.5357 0.5942 0.6091 0.5987 0.5930 0.5572 0.5252 0.6025 0.5681 0.5190 0.6070 0.5638 0.5529 0.5652 0.5522 0.5586 0.6192 0.6028 0.4930 
0.6056 0.5966 0.5329 0.5756 0.5829 0.5857 0.5821 0.5395 0.6014 0.5859 0.5616 0.5306 0.5809 0.5998 0.5802 0.5917 0.5573 0.5206 0.5959 0.5629 0.5211 0.5947 0.5638 0.5565 0.5568 0.5557 0.5513 0.6022 0.6070 0.4897 
avg train acc: 0.5768 avg test acc: 0.5690 min train acc: 0.4930(29) min test acc: 0.4897(29)
Attack result:(0.48833333333333334, 0.4903047091412742, 0.59) (177, 184, 116, 123)
iter 200:
0.6552 0.6224 0.5884 0.5924 0.6219 0.6165 0.6229 0.5520 0.6495 0.6230 0.6142 0.5899 0.6210 0.6214 0.6317 0.6306 0.6040 0.5660 0.6266 0.5934 0.5753 0.6400 0.5937 0.5766 0.5927 0.5847 0.6030 0.6452 0.6349 0.5298 
0.6282 0.6212 0.5778 0.5978 0.6071 0.6114 0.6089 0.5544 0.6260 0.6173 0.6014 0.5753 0.6094 0.6082 0.6128 0.6237 0.5974 0.5560 0.6223 0.5915 0.5663 0.6255 0.5848 0.5769 0.5858 0.5860 0.5894 0.6267 0.6275 0.5225 
avg train acc: 0.6073 avg test acc: 0.5980 min train acc: 0.5298(29) min test acc: 0.5225(29)
Attack result:(0.475, 0.4796747967479675, 0.59) (177, 192, 108, 123)
iter 225:
0.6672 0.6411 0.6029 0.6069 0.6397 0.6327 0.6360 0.5791 0.6589 0.6409 0.6332 0.5852 0.6330 0.6497 0.6349 0.6455 0.6120 0.5619 0.6584 0.6089 0.5836 0.6608 0.5950 0.5785 0.6054 0.6007 0.6183 0.6639 0.6470 0.5434 
0.6428 0.6318 0.5941 0.6135 0.6321 0.6260 0.6234 0.5698 0.6407 0.6340 0.6156 0.5735 0.6230 0.6337 0.6240 0.6420 0.6112 0.5493 0.6413 0.6001 0.5789 0.6491 0.5865 0.5795 0.5976 0.5969 0.6050 0.6441 0.6453 0.5275 
avg train acc: 0.6208 avg test acc: 0.6111 min train acc: 0.5434(29) min test acc: 0.5275(29)
Attack result:(0.47833333333333333, 0.4823848238482385, 0.5933333333333334) (178, 191, 109, 122)
iter 250:
0.6864 0.6442 0.6125 0.6281 0.6562 0.6395 0.6570 0.6065 0.6771 0.6598 0.6524 0.6167 0.6603 0.6645 0.6563 0.6515 0.6258 0.5866 0.6784 0.6364 0.6156 0.6766 0.6055 0.5883 0.6291 0.6306 0.6316 0.6738 0.6694 0.5678 
0.6585 0.6426 0.6093 0.6340 0.6542 0.6351 0.6428 0.5983 0.6559 0.6524 0.6320 0.6119 0.6436 0.6467 0.6399 0.6503 0.6247 0.5729 0.6606 0.6315 0.6049 0.6635 0.6006 0.5913 0.6198 0.6225 0.6224 0.6580 0.6624 0.5613 
avg train acc: 0.6395 avg test acc: 0.6301 min train acc: 0.5678(29) min test acc: 0.5613(29)
Attack result:(0.46166666666666667, 0.46949602122015915, 0.59) (177, 200, 100, 123)
iter 275:
0.6973 0.6612 0.6202 0.6397 0.6657 0.6617 0.6695 0.6242 0.6818 0.6711 0.6509 0.6340 0.6620 0.6640 0.6637 0.6663 0.6406 0.5965 0.6827 0.6369 0.6204 0.6851 0.6249 0.6123 0.6560 0.6449 0.6469 0.6829 0.6741 0.5952 
0.6663 0.6570 0.6156 0.6460 0.6590 0.6560 0.6593 0.6159 0.6610 0.6540 0.6352 0.6170 0.6509 0.6492 0.6484 0.6603 0.6381 0.5898 0.6644 0.6225 0.6095 0.6703 0.6189 0.6164 0.6440 0.6337 0.6315 0.6691 0.6658 0.5822 
avg train acc: 0.6511 avg test acc: 0.6402 min train acc: 0.5952(29) min test acc: 0.5822(29)
Attack result:(0.47333333333333333, 0.4790575916230366, 0.61) (183, 199, 101, 117)
iter 300:
0.6963 0.6696 0.6480 0.6273 0.6742 0.6868 0.6818 0.6107 0.6897 0.6760 0.6688 0.6273 0.6656 0.6577 0.6806 0.6859 0.6713 0.6074 0.6917 0.6288 0.6148 0.7037 0.6375 0.6416 0.6526 0.6411 0.6540 0.6893 0.6816 0.5759 
0.6711 0.6722 0.6329 0.6278 0.6619 0.6733 0.6606 0.6102 0.6647 0.6640 0.6525 0.6133 0.6507 0.6433 0.6618 0.6782 0.6661 0.6069 0.6741 0.6289 0.6075 0.6786 0.6326 0.6434 0.6458 0.6328 0.6346 0.6764 0.6725 0.5647 
avg train acc: 0.6579 avg test acc: 0.6468 min train acc: 0.5759(29) min test acc: 0.5647(29)
Attack result:(0.4683333333333333, 0.4753246753246753, 0.61) (183, 202, 98, 117)
iter 325:
0.7030 0.6830 0.6512 0.6448 0.6851 0.6956 0.6824 0.6280 0.7037 0.6839 0.6806 0.6382 0.6771 0.6900 0.6868 0.6939 0.6870 0.6104 0.7004 0.6437 0.6215 0.7157 0.6499 0.6566 0.6549 0.6634 0.6620 0.6962 0.6915 0.5831 
0.6828 0.6793 0.6433 0.6510 0.6750 0.6798 0.6713 0.6185 0.6820 0.6749 0.6635 0.6190 0.6612 0.6717 0.6663 0.6873 0.6838 0.6058 0.6798 0.6389 0.6142 0.6921 0.6385 0.6555 0.6441 0.6502 0.6440 0.6876 0.6854 0.5761 
avg train acc: 0.6688 avg test acc: 0.6574 min train acc: 0.5831(29) min test acc: 0.5761(29)
Attack result:(0.49, 0.49242424242424243, 0.65) (195, 201, 99, 105)
iter 350:
0.7191 0.6869 0.6717 0.6512 0.7051 0.7050 0.6990 0.6359 0.7274 0.7087 0.6974 0.6692 0.6895 0.7027 0.6973 0.7012 0.6941 0.6053 0.7213 0.6730 0.6442 0.7207 0.6459 0.6556 0.6590 0.6949 0.6751 0.7052 0.7031 0.6007 
0.6917 0.6829 0.6627 0.6592 0.6885 0.6875 0.6893 0.6236 0.6939 0.6927 0.6836 0.6486 0.6751 0.6877 0.6820 0.6939 0.6887 0.6032 0.6962 0.6673 0.6331 0.7036 0.6367 0.6521 0.6438 0.6774 0.6600 0.6937 0.6950 0.5948 
avg train acc: 0.6822 avg test acc: 0.6696 min train acc: 0.6007(29) min test acc: 0.5948(29)
Attack result:(0.455, 0.4669926650366748, 0.6366666666666667) (191, 218, 82, 109)
iter 375:
0.7240 0.6884 0.6878 0.6612 0.6954 0.7252 0.7096 0.6255 0.7273 0.7188 0.7014 0.6608 0.6889 0.7150 0.7133 0.7186 0.7089 0.5865 0.7178 0.6584 0.6567 0.7288 0.6428 0.6622 0.6582 0.7109 0.6802 0.6987 0.7045 0.6183 
0.6949 0.6870 0.6800 0.6678 0.6878 0.7078 0.7042 0.6164 0.6991 0.7035 0.6888 0.6463 0.6798 0.6958 0.6907 0.7074 0.7019 0.5875 0.6968 0.6543 0.6381 0.7109 0.6382 0.6556 0.6359 0.6881 0.6732 0.6904 0.6964 0.5967 
avg train acc: 0.6865 avg test acc: 0.6740 min train acc: 0.5865(17) min test acc: 0.5875(17)
Attack result:(0.47, 0.4784688995215311, 0.6666666666666666) (200, 218, 82, 100)
iter 400:
0.7361 0.7061 0.6961 0.6607 0.7151 0.7338 0.7054 0.6138 0.7335 0.7148 0.7130 0.6603 0.6840 0.7198 0.7144 0.7327 0.7146 0.6049 0.7195 0.6493 0.6270 0.7349 0.6452 0.6820 0.6599 0.7088 0.6849 0.7012 0.7205 0.6031 
0.7066 0.7032 0.6806 0.6675 0.7001 0.7116 0.6971 0.5998 0.7035 0.7039 0.6953 0.6428 0.6803 0.7011 0.6920 0.7153 0.7123 0.5971 0.6980 0.6506 0.6116 0.7150 0.6408 0.6714 0.6446 0.6944 0.6691 0.6921 0.7097 0.5856 
avg train acc: 0.6898 avg test acc: 0.6764 min train acc: 0.6031(29) min test acc: 0.5856(29)
Attack result:(0.4683333333333333, 0.477326968973747, 0.6666666666666666) (200, 219, 81, 100)
iter 410:
0.7411 0.7020 0.6837 0.6684 0.7086 0.7224 0.7039 0.6281 0.7303 0.7191 0.7003 0.6539 0.6777 0.7360 0.7109 0.7240 0.7164 0.5830 0.7175 0.6517 0.6193 0.7332 0.6344 0.6913 0.6461 0.7213 0.6627 0.7073 0.7244 0.6033 
0.7090 0.6981 0.6738 0.6701 0.6969 0.7140 0.7016 0.6101 0.7050 0.7085 0.6905 0.6465 0.6771 0.7092 0.6906 0.7164 0.7160 0.5762 0.6971 0.6483 0.6108 0.7158 0.6345 0.6772 0.6334 0.6985 0.6567 0.7004 0.7122 0.5806 
avg train acc: 0.6874 avg test acc: 0.6758 min train acc: 0.5830(17) min test acc: 0.5762(17)
Attack result:(0.4866666666666667, 0.49061032863849763, 0.6966666666666667) (209, 217, 83, 91)
iter 420:
0.7347 0.6999 0.6632 0.6610 0.7170 0.7262 0.7124 0.6106 0.7321 0.7191 0.7123 0.6468 0.6837 0.7317 0.7124 0.7243 0.7121 0.5827 0.7190 0.6520 0.5995 0.7324 0.6332 0.6938 0.6336 0.7221 0.6599 0.7194 0.7255 0.5914 
0.7110 0.6977 0.6604 0.6613 0.7022 0.7092 0.7076 0.5970 0.7086 0.7079 0.6931 0.6344 0.6785 0.7143 0.6933 0.7149 0.7134 0.5742 0.7008 0.6492 0.5941 0.7152 0.6279 0.6790 0.6250 0.7056 0.6521 0.6975 0.7147 0.5760 
avg train acc: 0.6855 avg test acc: 0.6739 min train acc: 0.5827(17) min test acc: 0.5742(17)
Attack result:(0.495, 0.4964705882352941, 0.7033333333333334) (211, 214, 86, 89)
iter 430:
0.7326 0.6973 0.6880 0.6524 0.7202 0.7433 0.7176 0.5681 0.7414 0.7216 0.7138 0.6169 0.7078 0.7323 0.7178 0.7329 0.7213 0.5813 0.7272 0.6676 0.6160 0.7453 0.6210 0.6716 0.6253 0.7105 0.6767 0.7026 0.7192 0.5433 
0.7080 0.6857 0.6777 0.6500 0.7121 0.7161 0.7086 0.5569 0.7142 0.7072 0.6976 0.6020 0.6990 0.7136 0.6950 0.7189 0.7144 0.5647 0.7035 0.6649 0.6079 0.7184 0.6204 0.6626 0.6086 0.6956 0.6648 0.6926 0.7060 0.5291 
avg train acc: 0.6844 avg test acc: 0.6705 min train acc: 0.5433(29) min test acc: 0.5291(29)
Attack result:(0.4766666666666667, 0.4835680751173709, 0.6866666666666666) (206, 220, 80, 94)
iter 440:
0.7418 0.7062 0.6594 0.6528 0.7205 0.7245 0.7081 0.6027 0.7439 0.7119 0.6969 0.6198 0.6912 0.7357 0.6958 0.7297 0.7106 0.5757 0.7203 0.6547 0.5904 0.7382 0.6383 0.6889 0.6481 0.7261 0.6568 0.7126 0.7244 0.5660 
0.7142 0.6941 0.6521 0.6513 0.7081 0.7136 0.7030 0.5893 0.7127 0.6923 0.6810 0.6142 0.6820 0.7191 0.6822 0.7133 0.7096 0.5651 0.6994 0.6456 0.5866 0.7204 0.6333 0.6819 0.6314 0.7070 0.6422 0.7015 0.7114 0.5489 
avg train acc: 0.6831 avg test acc: 0.6702 min train acc: 0.5660(29) min test acc: 0.5489(29)
Attack result:(0.47833333333333333, 0.4846335697399527, 0.6833333333333333) (205, 218, 82, 95)
iter 450:
0.7321 0.6861 0.6621 0.6406 0.7283 0.7391 0.7188 0.5835 0.7519 0.7175 0.7130 0.6081 0.7072 0.7508 0.7175 0.7375 0.7186 0.5701 0.7389 0.6761 0.6024 0.7414 0.6244 0.6983 0.6230 0.7162 0.6612 0.7051 0.7206 0.5245 
0.7049 0.6801 0.6553 0.6349 0.7134 0.7179 0.7078 0.5721 0.7212 0.7018 0.6924 0.5979 0.6988 0.7267 0.6966 0.7181 0.7199 0.5539 0.7148 0.6695 0.6005 0.7213 0.6207 0.6828 0.6043 0.6951 0.6503 0.6963 0.7035 0.5186 
avg train acc: 0.6838 avg test acc: 0.6697 min train acc: 0.5245(29) min test acc: 0.5186(29)
Attack result:(0.47833333333333333, 0.4843373493975904, 0.67) (201, 214, 86, 99)
iter 460:
0.7373 0.7100 0.6435 0.6381 0.7247 0.7304 0.7069 0.5837 0.7433 0.7051 0.6943 0.6113 0.6924 0.7484 0.6974 0.7154 0.7152 0.5903 0.7241 0.6538 0.5747 0.7375 0.6393 0.6998 0.6407 0.7366 0.6317 0.7284 0.7241 0.5163 
0.7168 0.7002 0.6343 0.6344 0.7118 0.7157 0.6933 0.5707 0.7150 0.6850 0.6729 0.6080 0.6868 0.7298 0.6847 0.7076 0.7120 0.5737 0.6993 0.6469 0.5706 0.7176 0.6337 0.6968 0.6191 0.7112 0.6248 0.7119 0.7127 0.5063 
avg train acc: 0.6798 avg test acc: 0.6668 min train acc: 0.5163(29) min test acc: 0.5063(29)
Attack result:(0.485, 0.48931116389548696, 0.6866666666666666) (206, 215, 85, 94)
iter 470:
0.7276 0.7079 0.6678 0.6044 0.7272 0.7349 0.7250 0.5565 0.7552 0.7155 0.6981 0.5569 0.7183 0.7447 0.7079 0.7306 0.7203 0.5586 0.7433 0.6782 0.5939 0.7426 0.6298 0.7017 0.6036 0.7097 0.6515 0.7108 0.7089 0.4802 
0.7076 0.6917 0.6543 0.6041 0.7184 0.7180 0.7153 0.5481 0.7262 0.6941 0.6767 0.5615 0.7040 0.7205 0.6875 0.7190 0.7187 0.5466 0.7114 0.6686 0.5948 0.7164 0.6238 0.6874 0.5882 0.6894 0.6410 0.6933 0.6950 0.4735 
avg train acc: 0.6771 avg test acc: 0.6632 min train acc: 0.4802(29) min test acc: 0.4735(29)
Attack result:(0.47833333333333333, 0.4845605700712589, 0.68) (204, 217, 83, 96)
iter 480:
0.7314 0.7126 0.6503 0.6042 0.7337 0.7309 0.7285 0.5724 0.7573 0.7231 0.7071 0.5738 0.7104 0.7427 0.7083 0.7323 0.7230 0.5841 0.7429 0.6968 0.6045 0.7488 0.6504 0.7045 0.6138 0.7217 0.6527 0.7180 0.7117 0.4751 
0.7081 0.7047 0.6414 0.6036 0.7197 0.7154 0.7096 0.5626 0.7258 0.7036 0.6832 0.5732 0.7003 0.7225 0.6858 0.7136 0.7145 0.5649 0.7109 0.6814 0.6028 0.7247 0.6467 0.6972 0.5895 0.6954 0.6391 0.7045 0.6980 0.4635 
avg train acc: 0.6822 avg test acc: 0.6669 min train acc: 0.4751(29) min test acc: 0.4635(29)
Attack result:(0.47333333333333333, 0.48130841121495327, 0.6866666666666666) (206, 222, 78, 94)
iter 490:
0.7430 0.7215 0.6403 0.6262 0.7277 0.7280 0.7241 0.5918 0.7514 0.7149 0.7032 0.5944 0.7101 0.7438 0.7046 0.7315 0.7202 0.6060 0.7335 0.7001 0.5939 0.7493 0.6689 0.7193 0.6317 0.7278 0.6547 0.7177 0.7280 0.5014 
0.7169 0.7079 0.6317 0.6242 0.7212 0.7119 0.7075 0.5742 0.7284 0.6921 0.6756 0.5965 0.7077 0.7214 0.6855 0.7099 0.7151 0.5941 0.7095 0.6790 0.5960 0.7188 0.6547 0.7112 0.6072 0.7008 0.6390 0.7097 0.7128 0.4849 
avg train acc: 0.6870 avg test acc: 0.6715 min train acc: 0.5014(29) min test acc: 0.4849(29)
Attack result:(0.485, 0.4894117647058824, 0.6933333333333334) (208, 217, 83, 92)
iter 500:
0.7413 0.7401 0.6463 0.6389 0.7416 0.7274 0.7332 0.6137 0.7540 0.7188 0.6953 0.5943 0.7170 0.7442 0.7033 0.7314 0.7159 0.6342 0.7361 0.6888 0.6064 0.7553 0.6906 0.7315 0.6504 0.7137 0.6581 0.7312 0.7329 0.5145 
0.7179 0.7252 0.6410 0.6348 0.7252 0.7106 0.7143 0.6027 0.7296 0.6956 0.6737 0.5981 0.7040 0.7232 0.6820 0.7103 0.7094 0.6237 0.7091 0.6768 0.6075 0.7237 0.6830 0.7209 0.6315 0.6981 0.6398 0.7224 0.7192 0.5075 
avg train acc: 0.6934 avg test acc: 0.6787 min train acc: 0.5145(29) min test acc: 0.5075(29)
Attack result:(0.47, 0.4791666666666667, 0.69) (207, 225, 75, 93)
iter 525:
0.7400 0.7395 0.6615 0.6594 0.7493 0.7272 0.7440 0.6514 0.7638 0.7314 0.7151 0.6172 0.7373 0.7554 0.7356 0.7470 0.7269 0.6818 0.7526 0.7276 0.6443 0.7667 0.7030 0.7421 0.6805 0.7193 0.6880 0.7454 0.7518 0.5506 
0.7216 0.7268 0.6501 0.6584 0.7383 0.7159 0.7274 0.6379 0.7387 0.7135 0.6898 0.6210 0.7266 0.7336 0.7061 0.7234 0.7174 0.6658 0.7268 0.7085 0.6456 0.7361 0.6975 0.7327 0.6551 0.6999 0.6693 0.7272 0.7290 0.5401 
avg train acc: 0.7118 avg test acc: 0.6960 min train acc: 0.5506(29) min test acc: 0.5401(29)
Attack result:(0.4816666666666667, 0.4872389791183295, 0.7) (210, 221, 79, 90)
iter 550:
0.7510 0.7445 0.6620 0.6776 0.7607 0.7310 0.7547 0.6866 0.7834 0.7507 0.7317 0.6244 0.7565 0.7525 0.7426 0.7463 0.7161 0.6973 0.7654 0.7390 0.6760 0.7757 0.7242 0.7456 0.6860 0.7149 0.6902 0.7558 0.7544 0.5806 
0.7276 0.7356 0.6480 0.6738 0.7415 0.7098 0.7409 0.6697 0.7459 0.7311 0.7022 0.6240 0.7353 0.7334 0.7161 0.7265 0.7098 0.6783 0.7359 0.7213 0.6719 0.7442 0.7164 0.7302 0.6647 0.6938 0.6808 0.7346 0.7326 0.5707 
avg train acc: 0.7226 avg test acc: 0.7049 min train acc: 0.5806(29) min test acc: 0.5707(29)
Attack result:(0.4716666666666667, 0.4804597701149425, 0.6966666666666667) (209, 226, 74, 91)
iter 575:
0.7614 0.7572 0.6665 0.6898 0.7627 0.7210 0.7568 0.6930 0.7765 0.7483 0.7256 0.6186 0.7550 0.7589 0.7409 0.7499 0.7062 0.7159 0.7633 0.7419 0.6780 0.7782 0.7330 0.7456 0.6889 0.7118 0.6876 0.7507 0.7606 0.5863 
0.7350 0.7424 0.6499 0.6843 0.7461 0.7042 0.7407 0.6773 0.7481 0.7330 0.7046 0.6144 0.7404 0.7412 0.7163 0.7304 0.6992 0.6931 0.7387 0.7286 0.6786 0.7446 0.7243 0.7267 0.6667 0.6866 0.6800 0.7394 0.7394 0.5698 
avg train acc: 0.7243 avg test acc: 0.7075 min train acc: 0.5863(29) min test acc: 0.5698(29)
Attack result:(0.4666666666666667, 0.47706422018348627, 0.6933333333333334) (208, 228, 72, 92)
iter 600:
0.7442 0.7594 0.6863 0.6768 0.7534 0.7399 0.7593 0.6887 0.7835 0.7593 0.7329 0.6114 0.7605 0.7541 0.7516 0.7580 0.7177 0.7161 0.7754 0.7295 0.6908 0.7792 0.7305 0.7462 0.6947 0.6818 0.7046 0.7496 0.7593 0.5683 
0.7262 0.7409 0.6683 0.6728 0.7380 0.7187 0.7381 0.6693 0.7505 0.7377 0.7085 0.6066 0.7392 0.7294 0.7271 0.7387 0.7114 0.6962 0.7416 0.7221 0.6911 0.7482 0.7138 0.7281 0.6681 0.6608 0.6920 0.7326 0.7398 0.5702 
avg train acc: 0.7254 avg test acc: 0.7075 min train acc: 0.5683(29) min test acc: 0.5702(29)
Attack result:(0.47833333333333333, 0.48498845265588914, 0.7) (210, 223, 77, 90)
iter 625:
0.7515 0.7621 0.6759 0.6986 0.7673 0.7302 0.7525 0.7039 0.7847 0.7625 0.7304 0.6381 0.7624 0.7674 0.7601 0.7650 0.7060 0.7225 0.7757 0.7452 0.7019 0.7836 0.7213 0.7313 0.7037 0.6975 0.7179 0.7603 0.7695 0.5975 
0.7322 0.7473 0.6617 0.6889 0.7483 0.7136 0.7379 0.6843 0.7513 0.7418 0.7058 0.6286 0.7490 0.7451 0.7326 0.7443 0.7009 0.7004 0.7494 0.7322 0.6974 0.7544 0.7102 0.7186 0.6792 0.6748 0.7026 0.7398 0.7454 0.5950 
avg train acc: 0.7316 avg test acc: 0.7138 min train acc: 0.5975(29) min test acc: 0.5950(29)
Attack result:(0.48, 0.4863636363636364, 0.7133333333333334) (214, 226, 74, 86)
iter 650:
0.7619 0.7736 0.6792 0.7143 0.7602 0.7319 0.7556 0.7202 0.7845 0.7682 0.7428 0.6517 0.7590 0.7645 0.7569 0.7643 0.7094 0.7220 0.7713 0.7348 0.6886 0.7853 0.7430 0.7408 0.7130 0.7091 0.7095 0.7630 0.7730 0.6230 
0.7445 0.7534 0.6601 0.7056 0.7408 0.7133 0.7401 0.6971 0.7539 0.7507 0.7258 0.6458 0.7396 0.7368 0.7354 0.7423 0.6995 0.6997 0.7477 0.7244 0.6921 0.7539 0.7299 0.7262 0.6895 0.6874 0.6952 0.7437 0.7524 0.6177 
avg train acc: 0.7358 avg test acc: 0.7182 min train acc: 0.6230(29) min test acc: 0.6177(29)
Attack result:(0.485, 0.4900662251655629, 0.74) (222, 231, 69, 78)
iter 675:
0.7790 0.7800 0.6833 0.7324 0.7641 0.7304 0.7629 0.7349 0.7892 0.7643 0.7440 0.6563 0.7490 0.7727 0.7555 0.7676 0.7071 0.7289 0.7733 0.7364 0.6870 0.7879 0.7394 0.7412 0.7344 0.7320 0.7145 0.7692 0.7881 0.6413 
0.7551 0.7579 0.6624 0.7273 0.7496 0.7111 0.7422 0.7083 0.7582 0.7489 0.7250 0.6550 0.7402 0.7509 0.7325 0.7503 0.6993 0.7082 0.7477 0.7291 0.6905 0.7608 0.7274 0.7186 0.7093 0.7042 0.6980 0.7569 0.7614 0.6361 
avg train acc: 0.7415 avg test acc: 0.7241 min train acc: 0.6413(29) min test acc: 0.6361(29)
Attack result:(0.4766666666666667, 0.48478260869565215, 0.7433333333333333) (223, 237, 63, 77)
iter 700:
0.7599 0.7546 0.7089 0.6878 0.7699 0.7620 0.7703 0.6985 0.8007 0.7712 0.7609 0.6345 0.7679 0.7706 0.7692 0.7824 0.7323 0.6971 0.7880 0.7449 0.6966 0.7970 0.7163 0.7369 0.7134 0.7217 0.7328 0.7626 0.7767 0.6098 
0.7416 0.7362 0.6893 0.6872 0.7507 0.7411 0.7476 0.6737 0.7638 0.7464 0.7331 0.6281 0.7509 0.7440 0.7452 0.7601 0.7273 0.6759 0.7558 0.7387 0.6976 0.7628 0.7061 0.7178 0.6878 0.6960 0.7142 0.7449 0.7500 0.6049 
avg train acc: 0.7398 avg test acc: 0.7206 min train acc: 0.6098(29) min test acc: 0.6049(29)
Attack result:(0.47833333333333333, 0.4852607709750567, 0.7133333333333334) (214, 227, 73, 86)
iter 725:
0.7629 0.7498 0.6913 0.6732 0.7787 0.7663 0.7579 0.6815 0.7996 0.7450 0.7391 0.6126 0.7530 0.7846 0.7754 0.7724 0.7409 0.6635 0.7767 0.7387 0.6645 0.7957 0.7143 0.7467 0.6895 0.7312 0.7053 0.7677 0.7660 0.5793 
0.7413 0.7336 0.6778 0.6704 0.7580 0.7436 0.7439 0.6545 0.7639 0.7262 0.7170 0.6089 0.7450 0.7542 0.7444 0.7526 0.7320 0.6488 0.7503 0.7339 0.6604 0.7630 0.7064 0.7301 0.6704 0.7030 0.6937 0.7478 0.7443 0.5712 
avg train acc: 0.7308 avg test acc: 0.7130 min train acc: 0.5793(29) min test acc: 0.5712(29)
Attack result:(0.4766666666666667, 0.484304932735426, 0.72) (216, 230, 70, 84)
iter 750:
0.7671 0.7518 0.6622 0.6678 0.7778 0.7665 0.7541 0.6570 0.7960 0.7543 0.7415 0.6029 0.7364 0.7778 0.7486 0.7644 0.7494 0.6381 0.7700 0.7169 0.6270 0.7815 0.7228 0.7563 0.6706 0.7477 0.6777 0.7751 0.7679 0.5584 
0.7472 0.7278 0.6488 0.6649 0.7538 0.7417 0.7354 0.6343 0.7638 0.7258 0.7140 0.5994 0.7311 0.7487 0.7213 0.7387 0.7364 0.6242 0.7440 0.7105 0.6227 0.7532 0.7005 0.7383 0.6523 0.7189 0.6630 0.7493 0.7447 0.5494 
avg train acc: 0.7228 avg test acc: 0.7035 min train acc: 0.5584(29) min test acc: 0.5494(29)
Attack result:(0.49, 0.49318181818181817, 0.7233333333333334) (217, 223, 77, 83)
iter 775:
0.7747 0.7619 0.6727 0.6710 0.7851 0.7732 0.7612 0.6517 0.8063 0.7649 0.7411 0.6184 0.7518 0.7836 0.7553 0.7749 0.7572 0.6562 0.7845 0.7313 0.6547 0.7998 0.7126 0.7537 0.6768 0.7652 0.6885 0.7722 0.7732 0.5507 
0.7481 0.7395 0.6591 0.6687 0.7652 0.7478 0.7435 0.6318 0.7688 0.7371 0.7168 0.6201 0.7399 0.7578 0.7225 0.7508 0.7414 0.6356 0.7517 0.7210 0.6497 0.7650 0.6973 0.7435 0.6541 0.7320 0.6709 0.7536 0.7465 0.5354 
avg train acc: 0.7308 avg test acc: 0.7105 min train acc: 0.5507(29) min test acc: 0.5354(29)
Attack result:(0.475, 0.48322147651006714, 0.72) (216, 231, 69, 84)
iter 800:
0.7752 0.7745 0.7038 0.6875 0.7956 0.7823 0.7802 0.6584 0.8092 0.7744 0.7430 0.6160 0.7632 0.7875 0.7593 0.7828 0.7603 0.6659 0.7860 0.7431 0.6758 0.8027 0.7287 0.7629 0.6857 0.7449 0.7103 0.7706 0.7684 0.5657 
0.7491 0.7466 0.6914 0.6775 0.7678 0.7545 0.7588 0.6420 0.7684 0.7455 0.7202 0.6231 0.7489 0.7604 0.7322 0.7569 0.7522 0.6538 0.7583 0.7293 0.6712 0.7653 0.7103 0.7475 0.6608 0.7228 0.6911 0.7477 0.7441 0.5578 
avg train acc: 0.7388 avg test acc: 0.7185 min train acc: 0.5657(29) min test acc: 0.5578(29)
Attack result:(0.495, 0.496551724137931, 0.72) (216, 219, 81, 84)
***** Best Attack Result ********
{
    "iter": 25,
    "attack_metric": [
        0.505,
        0.509090909090909,
        0.28
    ],
    "pred_distribution": [
        84,
        81,
        219,
        216
    ]
}
