************* DL Setting *************
   Seed = 3407
   Setting = s6
   Graph = smallworld30
   Number of Attacker = 1
   Sample per user/ Num of Cover = 4166
   Num of member/non-member = 300
   Normal User Batch size = 128
   Attacker Batch size = 256
   Attack = norm
   Defense = median
   data distribution = iid
   Init LR = 0.01
   LR Decay = [800]
   Max Iter = 800
   Normal Train Iter = 200
**************************************
iter 25:
0.1955 0.1601 0.1846 0.1964 0.1554 0.2009 0.1833 0.1580 0.1806 0.1835 0.1691 0.1868 0.1767 0.1662 0.1868 0.1956 0.1403 0.1708 0.1580 0.1754 0.1622 0.1608 0.1725 0.1880 0.1797 0.1758 0.1805 0.1902 0.1868 0.2071 
0.1884 0.1566 0.1715 0.1783 0.1490 0.1795 0.1764 0.1525 0.1646 0.1671 0.1546 0.1801 0.1774 0.1581 0.1734 0.1755 0.1375 0.1641 0.1493 0.1659 0.1645 0.1492 0.1688 0.1732 0.1640 0.1685 0.1712 0.1716 0.1798 0.1924 
avg train acc: 0.1776 avg test acc: 0.1674 min train acc: 0.1403(16) min test acc: 0.1375(16)
Attack result:(0.5166666666666667, 0.5510204081632653, 0.18) (54, 44, 256, 246)
iter 50:
0.3824 0.3690 0.3782 0.3663 0.3714 0.3784 0.3883 0.3916 0.3818 0.3825 0.3752 0.3750 0.3780 0.3762 0.3837 0.3616 0.3679 0.3784 0.3703 0.3754 0.3569 0.3495 0.3859 0.3603 0.3721 0.3687 0.3958 0.3901 0.3860 0.3920 
0.3782 0.3596 0.3622 0.3641 0.3691 0.3657 0.3732 0.3688 0.3661 0.3689 0.3607 0.3698 0.3652 0.3618 0.3707 0.3678 0.3603 0.3618 0.3587 0.3617 0.3604 0.3485 0.3653 0.3618 0.3564 0.3760 0.3716 0.3706 0.3659 0.3750 
avg train acc: 0.3763 avg test acc: 0.3655 min train acc: 0.3495(21) min test acc: 0.3485(21)
Attack result:(0.5033333333333333, 0.5045454545454545, 0.37) (111, 109, 191, 189)
iter 75:
0.4837 0.4849 0.4879 0.4806 0.4784 0.4738 0.4804 0.4818 0.4809 0.4802 0.4755 0.4699 0.4651 0.4747 0.4659 0.4549 0.4500 0.4667 0.4700 0.4885 0.4698 0.4699 0.4830 0.4626 0.4711 0.4700 0.4826 0.4855 0.4746 0.4848 
0.4801 0.4729 0.4690 0.4765 0.4713 0.4727 0.4692 0.4606 0.4625 0.4648 0.4579 0.4619 0.4613 0.4545 0.4581 0.4549 0.4434 0.4460 0.4556 0.4654 0.4590 0.4662 0.4699 0.4644 0.4641 0.4719 0.4649 0.4635 0.4685 0.4756 
avg train acc: 0.4749 avg test acc: 0.4642 min train acc: 0.4500(16) min test acc: 0.4434(16)
Attack result:(0.48833333333333334, 0.48717948717948717, 0.44333333333333336) (133, 140, 160, 167)
iter 100:
0.5294 0.5296 0.5512 0.5184 0.5281 0.5260 0.5279 0.5224 0.5367 0.5317 0.5310 0.5119 0.5165 0.5258 0.5204 0.5024 0.5120 0.5286 0.5172 0.5225 0.5157 0.5065 0.5275 0.5209 0.5089 0.5181 0.5202 0.5283 0.5134 0.5279 
0.5209 0.5177 0.5160 0.5214 0.5177 0.5127 0.5150 0.5101 0.5043 0.5080 0.5144 0.5060 0.5033 0.5018 0.5073 0.5048 0.5036 0.5071 0.5108 0.5154 0.5059 0.5065 0.5155 0.5080 0.5100 0.5155 0.5073 0.5071 0.5116 0.5148 
avg train acc: 0.5226 avg test acc: 0.5107 min train acc: 0.5024(15) min test acc: 0.5018(13)
Attack result:(0.47, 0.46938775510204084, 0.46) (138, 156, 144, 162)
iter 125:
0.5740 0.5613 0.5757 0.5583 0.5630 0.5764 0.5800 0.5666 0.5795 0.5747 0.5748 0.5717 0.5585 0.5657 0.5598 0.5625 0.5568 0.5639 0.5448 0.5633 0.5524 0.5547 0.5647 0.5625 0.5670 0.5636 0.5625 0.5756 0.5638 0.5761 
0.5639 0.5531 0.5545 0.5578 0.5540 0.5528 0.5564 0.5514 0.5521 0.5508 0.5570 0.5561 0.5545 0.5501 0.5528 0.5549 0.5431 0.5416 0.5390 0.5489 0.5495 0.5470 0.5468 0.5480 0.5513 0.5552 0.5559 0.5556 0.5572 0.5620 
avg train acc: 0.5658 avg test acc: 0.5524 min train acc: 0.5448(18) min test acc: 0.5390(18)
Attack result:(0.4633333333333333, 0.4662576687116564, 0.5066666666666667) (152, 174, 126, 148)
iter 150:
0.6097 0.5989 0.6063 0.5884 0.5934 0.6052 0.6191 0.6111 0.6101 0.6090 0.6130 0.5986 0.6023 0.6110 0.6041 0.5886 0.5859 0.5973 0.5977 0.5916 0.5953 0.5916 0.5850 0.5924 0.5917 0.5954 0.5944 0.5990 0.5886 0.6034 
0.5890 0.5845 0.5911 0.5889 0.5900 0.5906 0.5971 0.5876 0.5851 0.5865 0.5929 0.5884 0.5865 0.5876 0.5822 0.5841 0.5743 0.5779 0.5812 0.5828 0.5841 0.5780 0.5819 0.5841 0.5840 0.5883 0.5799 0.5840 0.5819 0.5891 
avg train acc: 0.5993 avg test acc: 0.5855 min train acc: 0.5850(22) min test acc: 0.5743(16)
Attack result:(0.48333333333333334, 0.4853801169590643, 0.5533333333333333) (166, 176, 124, 134)
iter 175:
0.6292 0.6314 0.6410 0.6215 0.6232 0.6356 0.6315 0.6234 0.6407 0.6341 0.6256 0.6242 0.6241 0.6229 0.6244 0.6034 0.6104 0.6303 0.6227 0.6216 0.6219 0.6207 0.6124 0.6269 0.6200 0.6162 0.6167 0.6266 0.6151 0.6389 
0.6207 0.6165 0.6170 0.6188 0.6148 0.6192 0.6105 0.6036 0.6108 0.6113 0.6075 0.6049 0.6046 0.6026 0.6055 0.6013 0.5960 0.5982 0.5970 0.6022 0.5993 0.6072 0.6051 0.6077 0.6058 0.6115 0.6029 0.5994 0.6073 0.6125 
avg train acc: 0.6246 avg test acc: 0.6074 min train acc: 0.6034(15) min test acc: 0.5960(16)
Attack result:(0.48333333333333334, 0.4867021276595745, 0.61) (183, 193, 107, 117)
iter 200:
0.6452 0.6320 0.6540 0.6395 0.6431 0.6413 0.6397 0.6385 0.6386 0.6467 0.6475 0.6370 0.6386 0.6434 0.6487 0.6335 0.6360 0.6484 0.6519 0.6484 0.6417 0.6549 0.6404 0.6483 0.6470 0.6464 0.6474 0.6441 0.6399 0.6503 
0.6359 0.6278 0.6230 0.6260 0.6254 0.6216 0.6211 0.6230 0.6137 0.6169 0.6196 0.6222 0.6157 0.6213 0.6270 0.6236 0.6243 0.6261 0.6274 0.6309 0.6301 0.6271 0.6274 0.6338 0.6316 0.6353 0.6280 0.6286 0.6261 0.6262 
avg train acc: 0.6437 avg test acc: 0.6256 min train acc: 0.6320(1) min test acc: 0.6137(8)
Attack result:(0.465, 0.4716981132075472, 0.5833333333333334) (175, 196, 104, 125)
iter 225:
0.6523 0.6478 0.6607 0.6532 0.6562 0.6651 0.6590 0.6614 0.6632 0.6739 0.6695 0.6709 0.6477 0.6537 0.6556 0.6536 0.6562 0.6658 0.6570 0.6600 0.6594 0.6587 0.6463 0.6590 0.6648 0.6662 0.6678 0.6562 0.6596 0.6635 
0.6412 0.6346 0.6404 0.6481 0.6438 0.6471 0.6459 0.6415 0.6416 0.6451 0.6450 0.6411 0.6366 0.6372 0.6389 0.6409 0.6375 0.6369 0.6386 0.6377 0.6438 0.6451 0.6399 0.6418 0.6444 0.6488 0.6463 0.6444 0.6436 0.6455 
avg train acc: 0.6595 avg test acc: 0.6421 min train acc: 0.6463(22) min test acc: 0.6346(1)
Attack result:(0.48333333333333334, 0.4869791666666667, 0.6233333333333333) (187, 197, 103, 113)
iter 250:
0.6675 0.6678 0.6776 0.6675 0.6729 0.6781 0.6839 0.6792 0.6798 0.6817 0.6895 0.6793 0.6844 0.6720 0.6828 0.6678 0.6637 0.6762 0.6809 0.6758 0.6741 0.6701 0.6612 0.6724 0.6814 0.6716 0.6688 0.6663 0.6663 0.6821 
0.6542 0.6547 0.6599 0.6608 0.6595 0.6604 0.6617 0.6542 0.6555 0.6553 0.6599 0.6545 0.6560 0.6547 0.6530 0.6520 0.6521 0.6536 0.6565 0.6591 0.6587 0.6570 0.6564 0.6538 0.6567 0.6564 0.6489 0.6501 0.6521 0.6548 
avg train acc: 0.6748 avg test acc: 0.6558 min train acc: 0.6612(22) min test acc: 0.6489(26)
Attack result:(0.4816666666666667, 0.4860759493670886, 0.64) (192, 203, 97, 108)
iter 275:
0.6843 0.6871 0.6820 0.6861 0.6808 0.6861 0.6855 0.6931 0.6897 0.6974 0.6872 0.6886 0.6756 0.6744 0.6819 0.6737 0.6828 0.6802 0.6930 0.6815 0.6857 0.6833 0.6831 0.6932 0.6979 0.6948 0.6883 0.6826 0.6818 0.6931 
0.6699 0.6701 0.6715 0.6745 0.6724 0.6717 0.6689 0.6588 0.6606 0.6684 0.6631 0.6590 0.6603 0.6570 0.6625 0.6625 0.6598 0.6569 0.6608 0.6614 0.6607 0.6636 0.6682 0.6677 0.6733 0.6741 0.6680 0.6621 0.6687 0.6678 
avg train acc: 0.6858 avg test acc: 0.6655 min train acc: 0.6737(15) min test acc: 0.6569(17)
Attack result:(0.48833333333333334, 0.4914004914004914, 0.6666666666666666) (200, 207, 93, 100)
iter 300:
0.6890 0.6900 0.6983 0.6943 0.7006 0.6929 0.6888 0.6932 0.6977 0.7055 0.7013 0.6949 0.6951 0.6922 0.7023 0.6873 0.6882 0.7058 0.7087 0.7012 0.6952 0.7027 0.6919 0.7014 0.7082 0.7112 0.6990 0.7004 0.6888 0.7059 
0.6792 0.6753 0.6778 0.6795 0.6801 0.6766 0.6740 0.6756 0.6733 0.6744 0.6705 0.6740 0.6710 0.6726 0.6789 0.6803 0.6825 0.6799 0.6779 0.6776 0.6829 0.6786 0.6752 0.6834 0.6829 0.6852 0.6792 0.6801 0.6760 0.6796 
avg train acc: 0.6977 avg test acc: 0.6778 min train acc: 0.6873(15) min test acc: 0.6705(10)
Attack result:(0.4483333333333333, 0.4621026894865526, 0.63) (189, 220, 80, 111)
iter 325:
0.6957 0.7090 0.7157 0.6973 0.7070 0.7084 0.7119 0.7141 0.7132 0.7222 0.7173 0.7136 0.7017 0.6992 0.7051 0.7013 0.7007 0.6973 0.7013 0.6926 0.6943 0.7040 0.7000 0.7015 0.7098 0.7073 0.7101 0.6978 0.7048 0.7130 
0.6869 0.6852 0.6928 0.6925 0.6900 0.6926 0.6929 0.6838 0.6869 0.6920 0.6870 0.6858 0.6826 0.6767 0.6779 0.6866 0.6795 0.6735 0.6786 0.6714 0.6755 0.6822 0.6763 0.6814 0.6836 0.6909 0.6897 0.6835 0.6896 0.6919 
avg train acc: 0.7056 avg test acc: 0.6847 min train acc: 0.6926(19) min test acc: 0.6714(19)
Attack result:(0.475, 0.48226950354609927, 0.68) (204, 219, 81, 96)
iter 350:
0.7139 0.7163 0.7175 0.7089 0.7170 0.7230 0.7249 0.7203 0.7269 0.7250 0.7352 0.7233 0.7258 0.7143 0.7255 0.7123 0.7096 0.7142 0.7290 0.7183 0.7168 0.7206 0.7163 0.7122 0.7307 0.7268 0.7081 0.7123 0.7123 0.7225 
0.6935 0.6954 0.7001 0.6979 0.6984 0.6984 0.6989 0.6940 0.6938 0.6940 0.7006 0.6966 0.6997 0.6968 0.6971 0.6965 0.6964 0.6914 0.6960 0.6945 0.6960 0.6997 0.7006 0.6947 0.6988 0.7006 0.6920 0.6893 0.6944 0.6953 
avg train acc: 0.7193 avg test acc: 0.6964 min train acc: 0.7081(26) min test acc: 0.6893(27)
Attack result:(0.4666666666666667, 0.47572815533980584, 0.6533333333333333) (196, 216, 84, 104)
iter 375:
0.7085 0.7271 0.7293 0.7231 0.7233 0.7213 0.7254 0.7272 0.7264 0.7394 0.7363 0.7231 0.7250 0.7100 0.7193 0.7021 0.7026 0.7009 0.7110 0.7043 0.7140 0.7173 0.7085 0.7142 0.7179 0.7225 0.7078 0.7132 0.7126 0.7286 
0.6987 0.6997 0.7038 0.7082 0.7019 0.7007 0.7059 0.6940 0.6939 0.7038 0.7015 0.6972 0.6962 0.6914 0.6925 0.6905 0.6874 0.6819 0.6812 0.6858 0.6912 0.6930 0.6883 0.6853 0.6950 0.6973 0.6915 0.6930 0.7006 0.6988 
avg train acc: 0.7181 avg test acc: 0.6950 min train acc: 0.7009(17) min test acc: 0.6812(18)
Attack result:(0.4716666666666667, 0.47961630695443647, 0.6666666666666666) (200, 217, 83, 100)
iter 400:
0.7150 0.7335 0.7339 0.7288 0.7369 0.7378 0.7245 0.7332 0.7383 0.7391 0.7423 0.7336 0.7302 0.7333 0.7478 0.7316 0.7254 0.7399 0.7385 0.7346 0.7246 0.7330 0.7253 0.7360 0.7466 0.7430 0.7377 0.7406 0.7287 0.7376 
0.7060 0.7086 0.7137 0.7148 0.7134 0.7132 0.7052 0.7066 0.7102 0.7076 0.7098 0.7095 0.7111 0.7146 0.7148 0.7155 0.7101 0.7120 0.7089 0.7129 0.7104 0.7087 0.7080 0.7149 0.7151 0.7155 0.7139 0.7103 0.7118 0.7146 
avg train acc: 0.7344 avg test acc: 0.7114 min train acc: 0.7150(0) min test acc: 0.7052(6)
Attack result:(0.46166666666666667, 0.47306791569086654, 0.6733333333333333) (202, 225, 75, 98)
iter 410:
0.7187 0.7337 0.7499 0.7334 0.7430 0.7463 0.7415 0.7359 0.7501 0.7532 0.7504 0.7391 0.7440 0.7456 0.7418 0.7282 0.7296 0.7370 0.7435 0.7421 0.7365 0.7341 0.7381 0.7396 0.7470 0.7484 0.7366 0.7391 0.7354 0.7484 
0.7109 0.7123 0.7199 0.7181 0.7191 0.7178 0.7186 0.7061 0.7143 0.7154 0.7182 0.7165 0.7196 0.7176 0.7154 0.7179 0.7132 0.7101 0.7097 0.7137 0.7140 0.7117 0.7111 0.7167 0.7158 0.7194 0.7123 0.7155 0.7138 0.7179 
avg train acc: 0.7403 avg test acc: 0.7151 min train acc: 0.7187(0) min test acc: 0.7061(7)
Attack result:(0.4633333333333333, 0.4738095238095238, 0.6633333333333333) (199, 221, 79, 101)
iter 420:
0.7188 0.7357 0.7366 0.7336 0.7348 0.7330 0.7375 0.7396 0.7493 0.7492 0.7535 0.7368 0.7421 0.7385 0.7380 0.7304 0.7257 0.7362 0.7456 0.7448 0.7454 0.7334 0.7361 0.7493 0.7535 0.7556 0.7368 0.7437 0.7336 0.7432 
0.7091 0.7106 0.7125 0.7138 0.7132 0.7122 0.7147 0.7102 0.7144 0.7153 0.7174 0.7069 0.7146 0.7137 0.7108 0.7120 0.7087 0.7130 0.7144 0.7176 0.7165 0.7151 0.7156 0.7181 0.7217 0.7258 0.7197 0.7174 0.7184 0.7195 
avg train acc: 0.7397 avg test acc: 0.7148 min train acc: 0.7188(0) min test acc: 0.7069(11)
Attack result:(0.47833333333333333, 0.48491879350348027, 0.6966666666666667) (209, 222, 78, 91)
iter 430:
0.7297 0.7411 0.7408 0.7322 0.7368 0.7410 0.7399 0.7389 0.7341 0.7426 0.7495 0.7344 0.7314 0.7341 0.7510 0.7296 0.7308 0.7475 0.7558 0.7481 0.7397 0.7463 0.7497 0.7453 0.7535 0.7540 0.7379 0.7481 0.7248 0.7369 
0.7138 0.7138 0.7145 0.7197 0.7164 0.7133 0.7178 0.7070 0.7049 0.7111 0.7164 0.7104 0.7122 0.7098 0.7190 0.7168 0.7110 0.7177 0.7218 0.7163 0.7204 0.7225 0.7226 0.7185 0.7181 0.7207 0.7154 0.7163 0.7125 0.7135 
avg train acc: 0.7409 avg test acc: 0.7155 min train acc: 0.7248(28) min test acc: 0.7049(8)
Attack result:(0.47333333333333333, 0.48104265402843605, 0.6766666666666666) (203, 219, 81, 97)
iter 440:
0.7258 0.7526 0.7489 0.7512 0.7394 0.7405 0.7433 0.7493 0.7603 0.7531 0.7597 0.7434 0.7386 0.7357 0.7394 0.7360 0.7370 0.7360 0.7500 0.7486 0.7377 0.7365 0.7407 0.7505 0.7529 0.7609 0.7307 0.7359 0.7360 0.7514 
0.7177 0.7201 0.7224 0.7266 0.7232 0.7250 0.7248 0.7150 0.7207 0.7205 0.7196 0.7140 0.7158 0.7100 0.7148 0.7158 0.7174 0.7154 0.7158 0.7153 0.7169 0.7159 0.7179 0.7198 0.7231 0.7243 0.7170 0.7124 0.7181 0.7203 
avg train acc: 0.7441 avg test acc: 0.7185 min train acc: 0.7258(0) min test acc: 0.7100(13)
Attack result:(0.48, 0.4859154929577465, 0.69) (207, 219, 81, 93)
iter 450:
0.7375 0.7511 0.7542 0.7451 0.7466 0.7628 0.7478 0.7526 0.7606 0.7576 0.7662 0.7480 0.7571 0.7534 0.7518 0.7463 0.7397 0.7386 0.7552 0.7451 0.7527 0.7470 0.7468 0.7533 0.7603 0.7606 0.7479 0.7484 0.7483 0.7535 
0.7239 0.7246 0.7260 0.7255 0.7245 0.7272 0.7256 0.7254 0.7251 0.7228 0.7277 0.7261 0.7261 0.7279 0.7250 0.7259 0.7225 0.7175 0.7193 0.7156 0.7191 0.7237 0.7219 0.7223 0.7280 0.7291 0.7275 0.7249 0.7285 0.7288 
avg train acc: 0.7512 avg test acc: 0.7246 min train acc: 0.7375(0) min test acc: 0.7156(19)
Attack result:(0.485, 0.4894117647058824, 0.6933333333333334) (208, 217, 83, 92)
iter 460:
0.7366 0.7516 0.7590 0.7490 0.7520 0.7541 0.7454 0.7478 0.7529 0.7612 0.7557 0.7512 0.7502 0.7446 0.7624 0.7424 0.7447 0.7430 0.7533 0.7599 0.7539 0.7489 0.7471 0.7635 0.7619 0.7661 0.7472 0.7583 0.7513 0.7578 
0.7269 0.7251 0.7298 0.7310 0.7275 0.7281 0.7236 0.7146 0.7189 0.7245 0.7250 0.7242 0.7286 0.7246 0.7282 0.7270 0.7200 0.7183 0.7222 0.7284 0.7264 0.7261 0.7253 0.7321 0.7300 0.7317 0.7284 0.7314 0.7283 0.7347 
avg train acc: 0.7524 avg test acc: 0.7264 min train acc: 0.7366(0) min test acc: 0.7146(7)
Attack result:(0.4816666666666667, 0.4874715261958998, 0.7133333333333334) (214, 225, 75, 86)
iter 470:
0.7270 0.7556 0.7527 0.7538 0.7464 0.7536 0.7602 0.7536 0.7586 0.7614 0.7618 0.7534 0.7504 0.7473 0.7383 0.7387 0.7413 0.7449 0.7445 0.7471 0.7542 0.7369 0.7497 0.7505 0.7568 0.7591 0.7476 0.7523 0.7353 0.7476 
0.7193 0.7257 0.7271 0.7339 0.7290 0.7318 0.7312 0.7267 0.7258 0.7290 0.7235 0.7226 0.7229 0.7200 0.7197 0.7167 0.7227 0.7164 0.7145 0.7145 0.7290 0.7091 0.7229 0.7270 0.7229 0.7284 0.7209 0.7254 0.7189 0.7223 
avg train acc: 0.7494 avg test acc: 0.7233 min train acc: 0.7270(0) min test acc: 0.7091(21)
Attack result:(0.49166666666666664, 0.4942263279445728, 0.7133333333333334) (214, 219, 81, 86)
iter 480:
0.7397 0.7652 0.7588 0.7607 0.7624 0.7604 0.7630 0.7733 0.7676 0.7690 0.7765 0.7587 0.7590 0.7507 0.7544 0.7443 0.7314 0.7576 0.7501 0.7616 0.7532 0.7492 0.7525 0.7567 0.7602 0.7668 0.7479 0.7583 0.7467 0.7603 
0.7234 0.7317 0.7336 0.7371 0.7354 0.7369 0.7381 0.7337 0.7330 0.7347 0.7321 0.7298 0.7254 0.7261 0.7191 0.7243 0.7124 0.7251 0.7249 0.7291 0.7286 0.7244 0.7262 0.7277 0.7254 0.7300 0.7254 0.7282 0.7252 0.7312 
avg train acc: 0.7572 avg test acc: 0.7286 min train acc: 0.7314(16) min test acc: 0.7124(16)
Attack result:(0.4633333333333333, 0.4742990654205608, 0.6766666666666666) (203, 225, 75, 97)
iter 490:
0.7345 0.7632 0.7654 0.7550 0.7545 0.7658 0.7613 0.7608 0.7688 0.7716 0.7762 0.7619 0.7577 0.7501 0.7589 0.7523 0.7532 0.7454 0.7537 0.7513 0.7438 0.7526 0.7511 0.7510 0.7625 0.7706 0.7522 0.7505 0.7529 0.7623 
0.7280 0.7298 0.7362 0.7384 0.7356 0.7362 0.7353 0.7286 0.7345 0.7367 0.7332 0.7343 0.7312 0.7203 0.7275 0.7352 0.7285 0.7239 0.7262 0.7178 0.7232 0.7284 0.7220 0.7259 0.7286 0.7364 0.7347 0.7306 0.7356 0.7373 
avg train acc: 0.7570 avg test acc: 0.7307 min train acc: 0.7345(0) min test acc: 0.7178(19)
Attack result:(0.47833333333333333, 0.48519362186788156, 0.71) (213, 226, 74, 87)
iter 500:
0.7337 0.7636 0.7601 0.7571 0.7645 0.7641 0.7571 0.7671 0.7715 0.7665 0.7753 0.7553 0.7447 0.7557 0.7649 0.7547 0.7389 0.7613 0.7552 0.7512 0.7526 0.7568 0.7556 0.7671 0.7731 0.7779 0.7601 0.7692 0.7564 0.7617 
0.7236 0.7320 0.7367 0.7379 0.7358 0.7405 0.7322 0.7348 0.7369 0.7340 0.7350 0.7331 0.7321 0.7335 0.7305 0.7316 0.7170 0.7294 0.7243 0.7339 0.7273 0.7299 0.7304 0.7400 0.7398 0.7400 0.7378 0.7382 0.7345 0.7383 
avg train acc: 0.7598 avg test acc: 0.7334 min train acc: 0.7337(0) min test acc: 0.7170(16)
Attack result:(0.4666666666666667, 0.47674418604651164, 0.6833333333333333) (205, 225, 75, 95)
iter 525:
0.7341 0.7596 0.7682 0.7664 0.7673 0.7649 0.7643 0.7692 0.7791 0.7723 0.7853 0.7639 0.7649 0.7652 0.7739 0.7632 0.7589 0.7616 0.7743 0.7783 0.7713 0.7704 0.7651 0.7753 0.7710 0.7787 0.7580 0.7690 0.7601 0.7650 
0.7346 0.7295 0.7414 0.7419 0.7406 0.7412 0.7432 0.7350 0.7379 0.7405 0.7392 0.7392 0.7380 0.7377 0.7401 0.7402 0.7340 0.7338 0.7421 0.7407 0.7415 0.7412 0.7400 0.7430 0.7385 0.7434 0.7378 0.7403 0.7366 0.7435 
avg train acc: 0.7673 avg test acc: 0.7392 min train acc: 0.7341(0) min test acc: 0.7295(1)
Attack result:(0.4816666666666667, 0.48758465011286684, 0.72) (216, 227, 73, 84)
iter 550:
0.7508 0.7743 0.7697 0.7733 0.7734 0.7776 0.7725 0.7746 0.7821 0.7793 0.7888 0.7782 0.7760 0.7707 0.7825 0.7709 0.7634 0.7642 0.7692 0.7677 0.7746 0.7664 0.7647 0.7790 0.7765 0.7752 0.7726 0.7709 0.7683 0.7802 
0.7398 0.7408 0.7435 0.7469 0.7449 0.7480 0.7456 0.7432 0.7435 0.7439 0.7468 0.7462 0.7444 0.7448 0.7452 0.7451 0.7428 0.7395 0.7377 0.7400 0.7437 0.7406 0.7376 0.7457 0.7458 0.7460 0.7444 0.7464 0.7439 0.7469 
avg train acc: 0.7729 avg test acc: 0.7438 min train acc: 0.7508(0) min test acc: 0.7376(22)
Attack result:(0.4766666666666667, 0.4838709677419355, 0.7) (210, 224, 76, 90)
iter 575:
0.7534 0.7757 0.7784 0.7705 0.7767 0.7843 0.7773 0.7737 0.7901 0.7879 0.7868 0.7808 0.7765 0.7788 0.7848 0.7762 0.7690 0.7687 0.7785 0.7772 0.7744 0.7660 0.7707 0.7765 0.7860 0.7874 0.7756 0.7715 0.7696 0.7850 
0.7432 0.7459 0.7532 0.7509 0.7518 0.7519 0.7515 0.7378 0.7472 0.7492 0.7485 0.7457 0.7503 0.7471 0.7467 0.7484 0.7480 0.7432 0.7429 0.7480 0.7486 0.7456 0.7451 0.7495 0.7486 0.7507 0.7457 0.7490 0.7490 0.7511 
avg train acc: 0.7769 avg test acc: 0.7478 min train acc: 0.7534(0) min test acc: 0.7378(7)
Attack result:(0.4816666666666667, 0.48764044943820223, 0.7233333333333334) (217, 228, 72, 83)
iter 600:
0.7534 0.7867 0.7809 0.7788 0.7835 0.7866 0.7891 0.7882 0.7948 0.7887 0.7966 0.7814 0.7722 0.7806 0.7812 0.7755 0.7621 0.7778 0.7770 0.7723 0.7793 0.7813 0.7819 0.7811 0.7999 0.7981 0.7793 0.7873 0.7792 0.7879 
0.7446 0.7530 0.7566 0.7570 0.7538 0.7605 0.7581 0.7532 0.7567 0.7573 0.7559 0.7499 0.7478 0.7510 0.7462 0.7437 0.7358 0.7435 0.7427 0.7505 0.7503 0.7503 0.7532 0.7569 0.7541 0.7600 0.7536 0.7588 0.7552 0.7571 
avg train acc: 0.7821 avg test acc: 0.7522 min train acc: 0.7534(0) min test acc: 0.7358(16)
Attack result:(0.49, 0.49318181818181817, 0.7233333333333334) (217, 223, 77, 83)
iter 625:
0.7598 0.7855 0.7887 0.7838 0.7849 0.7839 0.7838 0.7795 0.7984 0.7891 0.8070 0.7919 0.7894 0.7848 0.8041 0.7845 0.7806 0.7781 0.7928 0.7919 0.7915 0.7865 0.7792 0.7936 0.7958 0.8043 0.7850 0.7891 0.7865 0.7978 
0.7547 0.7536 0.7602 0.7608 0.7559 0.7594 0.7566 0.7490 0.7540 0.7589 0.7600 0.7576 0.7626 0.7592 0.7616 0.7605 0.7557 0.7526 0.7559 0.7592 0.7591 0.7557 0.7553 0.7638 0.7615 0.7644 0.7600 0.7625 0.7579 0.7664 
avg train acc: 0.7884 avg test acc: 0.7585 min train acc: 0.7598(0) min test acc: 0.7490(7)
Attack result:(0.47, 0.48026315789473684, 0.73) (219, 237, 63, 81)
iter 650:
0.7593 0.7884 0.7835 0.7941 0.7985 0.7913 0.7946 0.7937 0.8006 0.7981 0.8054 0.7905 0.7927 0.7905 0.8008 0.7822 0.7804 0.7895 0.7890 0.7877 0.7959 0.7820 0.7938 0.7930 0.7955 0.8004 0.7849 0.7786 0.7809 0.7929 
0.7502 0.7533 0.7579 0.7641 0.7631 0.7616 0.7628 0.7585 0.7597 0.7598 0.7619 0.7553 0.7566 0.7530 0.7598 0.7544 0.7592 0.7567 0.7591 0.7590 0.7632 0.7566 0.7576 0.7620 0.7609 0.7628 0.7593 0.7545 0.7568 0.7583 
avg train acc: 0.7903 avg test acc: 0.7586 min train acc: 0.7593(0) min test acc: 0.7502(0)
Attack result:(0.4816666666666667, 0.4878587196467991, 0.7366666666666667) (221, 232, 68, 79)
iter 675:
0.7723 0.7976 0.8003 0.7958 0.8028 0.8036 0.8054 0.7911 0.8046 0.8023 0.8099 0.7984 0.7986 0.7931 0.8032 0.7962 0.7923 0.7909 0.7999 0.8034 0.7974 0.7948 0.8040 0.7964 0.8066 0.8136 0.7917 0.7862 0.7925 0.8038 
0.7609 0.7665 0.7717 0.7726 0.7745 0.7712 0.7671 0.7607 0.7645 0.7664 0.7656 0.7642 0.7658 0.7588 0.7605 0.7670 0.7646 0.7596 0.7650 0.7705 0.7694 0.7681 0.7701 0.7715 0.7665 0.7716 0.7652 0.7653 0.7643 0.7696 
avg train acc: 0.7983 avg test acc: 0.7666 min train acc: 0.7723(0) min test acc: 0.7588(13)
Attack result:(0.48, 0.487012987012987, 0.75) (225, 237, 63, 75)
iter 700:
0.7633 0.7989 0.7973 0.7963 0.8012 0.8068 0.8118 0.8037 0.8112 0.8035 0.8105 0.8002 0.7922 0.7967 0.7997 0.8021 0.7948 0.7849 0.7932 0.7936 0.8021 0.7933 0.7982 0.7972 0.8131 0.8066 0.7918 0.8015 0.7871 0.8014 
0.7576 0.7666 0.7695 0.7736 0.7685 0.7735 0.7760 0.7680 0.7671 0.7684 0.7676 0.7617 0.7635 0.7660 0.7639 0.7666 0.7615 0.7574 0.7608 0.7624 0.7704 0.7614 0.7662 0.7696 0.7667 0.7725 0.7635 0.7720 0.7643 0.7694 
avg train acc: 0.7985 avg test acc: 0.7665 min train acc: 0.7633(0) min test acc: 0.7574(17)
Attack result:(0.495, 0.4967032967032967, 0.7533333333333333) (226, 229, 71, 74)
iter 725:
0.7766 0.8055 0.8098 0.7988 0.8040 0.7996 0.8021 0.8006 0.8092 0.8026 0.8208 0.8054 0.8005 0.7985 0.8175 0.8036 0.8009 0.8021 0.8074 0.8119 0.8115 0.7918 0.8015 0.8152 0.8236 0.8175 0.8056 0.8037 0.8030 0.8181 
0.7670 0.7699 0.7743 0.7775 0.7718 0.7733 0.7694 0.7635 0.7668 0.7682 0.7731 0.7718 0.7743 0.7708 0.7722 0.7743 0.7679 0.7682 0.7674 0.7777 0.7749 0.7669 0.7761 0.7805 0.7789 0.7791 0.7774 0.7752 0.7730 0.7794 
avg train acc: 0.8056 avg test acc: 0.7727 min train acc: 0.7766(0) min test acc: 0.7635(7)
Attack result:(0.4666666666666667, 0.47854077253218885, 0.7433333333333333) (223, 243, 57, 77)
iter 750:
0.7681 0.8027 0.8063 0.8018 0.8156 0.8072 0.8126 0.8138 0.8176 0.8170 0.8151 0.8107 0.8061 0.8052 0.8137 0.8002 0.7955 0.7986 0.8025 0.7970 0.8002 0.7977 0.8061 0.8041 0.8128 0.8214 0.8050 0.8013 0.7945 0.8124 
0.7640 0.7700 0.7723 0.7743 0.7725 0.7719 0.7764 0.7730 0.7759 0.7747 0.7763 0.7669 0.7704 0.7674 0.7683 0.7665 0.7657 0.7705 0.7727 0.7714 0.7712 0.7682 0.7710 0.7734 0.7762 0.7801 0.7761 0.7710 0.7738 0.7772 
avg train acc: 0.8054 avg test acc: 0.7720 min train acc: 0.7681(0) min test acc: 0.7640(0)
Attack result:(0.48833333333333334, 0.4924078091106291, 0.7566666666666667) (227, 234, 66, 73)
iter 775:
0.7811 0.8131 0.8106 0.8114 0.8198 0.8163 0.8211 0.8169 0.8228 0.8161 0.8263 0.8161 0.8098 0.7957 0.8190 0.8104 0.8066 0.8058 0.8117 0.8105 0.8104 0.7945 0.8062 0.7992 0.8064 0.8253 0.7985 0.8013 0.8030 0.8156 
0.7713 0.7794 0.7831 0.7845 0.7837 0.7815 0.7831 0.7792 0.7796 0.7827 0.7778 0.7767 0.7764 0.7604 0.7714 0.7806 0.7772 0.7696 0.7732 0.7782 0.7803 0.7688 0.7728 0.7745 0.7632 0.7769 0.7711 0.7746 0.7746 0.7816 
avg train acc: 0.8100 avg test acc: 0.7763 min train acc: 0.7811(0) min test acc: 0.7604(13)
Attack result:(0.48333333333333334, 0.4892241379310345, 0.7566666666666667) (227, 237, 63, 73)
iter 800:
0.7742 0.8136 0.8134 0.8177 0.8180 0.8175 0.8238 0.8211 0.8223 0.8190 0.8204 0.8191 0.8045 0.8063 0.8059 0.8064 0.8127 0.8003 0.8036 0.7997 0.8121 0.7933 0.8151 0.8113 0.8271 0.8157 0.8059 0.8131 0.7952 0.8073 
0.7674 0.7787 0.7807 0.7865 0.7823 0.7859 0.7832 0.7811 0.7794 0.7821 0.7760 0.7770 0.7741 0.7723 0.7714 0.7729 0.7795 0.7700 0.7695 0.7673 0.7812 0.7630 0.7751 0.7826 0.7753 0.7805 0.7734 0.7784 0.7700 0.7744 
avg train acc: 0.8105 avg test acc: 0.7764 min train acc: 0.7742(0) min test acc: 0.7630(21)
Attack result:(0.49, 0.49353448275862066, 0.7633333333333333) (229, 235, 65, 71)
***** Best Attack Result ********
{
    "iter": 25,
    "attack_metric": [
        0.5166666666666667,
        0.5510204081632653,
        0.18
    ],
    "pred_distribution": [
        54,
        44,
        256,
        246
    ]
}
