************* DL Setting *************
   Seed = 3407
   Setting = s6
   Graph = er30
   Number of Attacker = 1
   Sample per user/ Num of Cover = 4166
   Num of member/non-member = 500
   Normal User Batch size = 128
   Attacker Batch size = 256
   Attack = unitnorm
   Defense = trim
   data distribution = non-iid
   Init LR = 0.01
   LR Decay = [800]
   Max Iter = 800
   Normal Train Iter = 200
**************************************
iter 25:
0.1287 0.2170 0.3505 0.3263 0.1504 0.2353 0.1554 0.1560 0.3543 0.1906 0.4124 0.0595 0.2386 0.0854 0.0931 0.1362 0.2224 0.3032 0.2024 0.4478 0.3282 0.2068 0.1020 0.3969 0.1582 0.3011 0.4149 0.3983 0.4263 0.3374 
0.1230 0.0981 0.0361 0.0996 0.1047 0.0711 0.1225 0.1143 0.0795 0.0940 0.0818 0.0899 0.1044 0.1079 0.0981 0.1081 0.1159 0.0870 0.0905 0.0435 0.0963 0.1107 0.1124 0.0823 0.1078 0.0891 0.1062 0.0838 0.0837 0.0771 
avg train acc: 0.2512 avg test acc: 0.0940 min train acc: 0.0595(11) min test acc: 0.0361(2)
Attack result:(0.496, 0.47959183673469385, 0.094) (47, 51, 449, 453)
iter 50:
0.1233 0.2959 0.4024 0.3730 0.1662 0.2988 0.3243 0.3567 0.3806 0.2311 0.3920 0.1443 0.2538 0.2522 0.3063 0.2629 0.2921 0.3945 0.4100 0.4682 0.4596 0.3780 0.1067 0.5184 0.0986 0.3534 0.3699 0.2924 0.4087 0.5987 
0.1169 0.2344 0.1891 0.1135 0.1607 0.2325 0.2273 0.2580 0.2115 0.2337 0.1972 0.1750 0.2106 0.2170 0.2165 0.2233 0.2435 0.2294 0.2010 0.1485 0.2231 0.2428 0.1323 0.2302 0.1406 0.2193 0.2237 0.1940 0.2226 0.2197 
avg train acc: 0.3238 avg test acc: 0.2029 min train acc: 0.0986(24) min test acc: 0.1135(3)
Attack result:(0.513, 0.5631067961165048, 0.116) (58, 45, 455, 442)
iter 75:
0.1998 0.3543 0.5117 0.3885 0.1970 0.4286 0.3635 0.4253 0.4535 0.3056 0.4460 0.1780 0.3390 0.3843 0.3565 0.3083 0.4741 0.4067 0.4046 0.5222 0.4761 0.4589 0.2046 0.4672 0.2289 0.3327 0.4140 0.2573 0.4841 0.6404 
0.1872 0.3082 0.2676 0.1968 0.2054 0.3414 0.3194 0.3506 0.2785 0.2829 0.2894 0.2548 0.3159 0.3095 0.3145 0.2702 0.3444 0.3051 0.2842 0.2149 0.3158 0.3240 0.2173 0.3385 0.2120 0.3244 0.3171 0.2453 0.3343 0.3289 
avg train acc: 0.3804 avg test acc: 0.2866 min train acc: 0.1780(11) min test acc: 0.1872(0)
Attack result:(0.509, 0.5257142857142857, 0.184) (92, 83, 417, 408)
iter 100:
0.3001 0.4240 0.5282 0.4906 0.2704 0.4496 0.3881 0.5135 0.4663 0.3894 0.4450 0.2220 0.3808 0.4535 0.3621 0.3478 0.5192 0.2967 0.4041 0.4472 0.5004 0.5175 0.3165 0.4913 0.3246 0.4320 0.4229 0.1847 0.4779 0.6101 
0.2933 0.3711 0.3242 0.3047 0.2862 0.3939 0.3796 0.4012 0.3301 0.3276 0.3242 0.3100 0.3915 0.3910 0.3649 0.3182 0.4148 0.3109 0.3395 0.2824 0.3597 0.3680 0.3244 0.3750 0.2773 0.3560 0.3648 0.2756 0.3793 0.3917 
avg train acc: 0.4125 avg test acc: 0.3444 min train acc: 0.1847(27) min test acc: 0.2756(27)
Attack result:(0.508, 0.513986013986014, 0.294) (147, 139, 361, 353)
iter 125:
0.3089 0.4142 0.5771 0.4628 0.2564 0.5052 0.4128 0.5272 0.4945 0.3383 0.4995 0.2845 0.4562 0.4563 0.3650 0.3781 0.5465 0.3566 0.3990 0.3842 0.5893 0.4749 0.3701 0.5096 0.4180 0.4667 0.5269 0.2145 0.4977 0.6204 
0.3093 0.3863 0.3923 0.3269 0.2873 0.4263 0.4193 0.4493 0.3908 0.3531 0.3836 0.3514 0.4297 0.4242 0.4140 0.3570 0.4334 0.3888 0.3876 0.2809 0.4137 0.4027 0.3560 0.4175 0.2926 0.4011 0.4197 0.3151 0.3997 0.4409 
avg train acc: 0.4371 avg test acc: 0.3817 min train acc: 0.2145(27) min test acc: 0.2809(19)
Attack result:(0.485, 0.4758842443729904, 0.296) (148, 163, 337, 352)
iter 150:
0.3595 0.4421 0.5853 0.5345 0.3231 0.5020 0.4138 0.5672 0.4962 0.3813 0.5193 0.3729 0.5121 0.4847 0.3723 0.3703 0.5925 0.3910 0.4274 0.3136 0.5955 0.5472 0.4153 0.5607 0.4677 0.5039 0.5554 0.3767 0.5564 0.6429 
0.3579 0.4139 0.4385 0.3613 0.3279 0.4433 0.4336 0.4671 0.4009 0.3621 0.4054 0.3996 0.4715 0.4653 0.4424 0.3980 0.4718 0.4175 0.4095 0.3041 0.4491 0.4476 0.3962 0.4593 0.3041 0.4318 0.4543 0.3708 0.4226 0.4764 
avg train acc: 0.4728 avg test acc: 0.4135 min train acc: 0.3136(19) min test acc: 0.3041(19)
Attack result:(0.483, 0.476056338028169, 0.338) (169, 186, 314, 331)
iter 175:
0.4095 0.4416 0.6342 0.5420 0.3822 0.5110 0.4724 0.5855 0.5358 0.4310 0.5538 0.4241 0.5532 0.5192 0.3374 0.3847 0.6159 0.4952 0.4846 0.4184 0.6261 0.5382 0.4776 0.6119 0.4388 0.5505 0.5948 0.3673 0.5669 0.6454 
0.4041 0.4374 0.4782 0.4171 0.3890 0.4547 0.4643 0.5056 0.4373 0.3813 0.4451 0.4481 0.4894 0.4885 0.4525 0.4073 0.4908 0.4510 0.4504 0.3224 0.4894 0.4716 0.4181 0.4836 0.3140 0.4572 0.4846 0.4180 0.4614 0.5025 
avg train acc: 0.5050 avg test acc: 0.4438 min train acc: 0.3374(14) min test acc: 0.3140(24)
Attack result:(0.488, 0.4855072463768116, 0.402) (201, 213, 287, 299)
iter 200:
0.4353 0.4927 0.6745 0.5578 0.4911 0.4971 0.5675 0.6149 0.5049 0.4841 0.5562 0.4306 0.6092 0.5285 0.3342 0.4047 0.6055 0.4872 0.5231 0.4707 0.6113 0.5677 0.5115 0.5914 0.4907 0.5658 0.5684 0.3933 0.6167 0.6605 
0.4197 0.4701 0.4959 0.4513 0.4417 0.4665 0.5001 0.5129 0.4400 0.4292 0.4583 0.4565 0.5041 0.5050 0.4768 0.4314 0.5152 0.4703 0.4704 0.3601 0.5013 0.4877 0.4395 0.4953 0.3653 0.4838 0.4866 0.4457 0.5036 0.5254 
avg train acc: 0.5282 avg test acc: 0.4670 min train acc: 0.3342(14) min test acc: 0.3601(19)
Attack result:(0.499, 0.49887133182844245, 0.442) (221, 222, 278, 279)
iter 225:
0.4107 0.4217 0.6398 0.5718 0.5325 0.4087 0.5435 0.6118 0.5292 0.4533 0.5992 0.4135 0.5869 0.5778 0.4027 0.3820 0.6359 0.4916 0.5144 0.3837 0.6151 0.5864 0.4806 0.5560 0.4055 0.6063 0.5309 0.4051 0.5346 0.6979 
0.4132 0.4447 0.4669 0.4397 0.4575 0.4395 0.4866 0.5298 0.4399 0.4201 0.4559 0.4464 0.5319 0.4997 0.4925 0.4084 0.5466 0.4565 0.4558 0.3352 0.5312 0.5027 0.4325 0.5139 0.3376 0.5006 0.4782 0.4412 0.5137 0.5453 
avg train acc: 0.5176 avg test acc: 0.4655 min train acc: 0.3820(15) min test acc: 0.3352(19)
Attack result:(0.48, 0.47641509433962265, 0.404) (202, 222, 278, 298)
iter 250:
0.3805 0.4348 0.6432 0.5767 0.4727 0.3528 0.5682 0.6452 0.5345 0.4861 0.5725 0.4651 0.6123 0.5677 0.4647 0.4022 0.5996 0.5307 0.5378 0.3664 0.6708 0.6246 0.4802 0.6143 0.3791 0.6171 0.6542 0.4934 0.5765 0.6946 
0.3716 0.4755 0.4788 0.4511 0.4673 0.4514 0.5058 0.5438 0.4555 0.4368 0.4744 0.4701 0.5481 0.5200 0.5134 0.4036 0.5585 0.4620 0.4900 0.3455 0.5429 0.5219 0.4248 0.5384 0.3335 0.5360 0.5218 0.4979 0.5381 0.5645 
avg train acc: 0.5340 avg test acc: 0.4814 min train acc: 0.3528(5) min test acc: 0.3335(24)
Attack result:(0.486, 0.48148148148148145, 0.364) (182, 196, 304, 318)
iter 275:
0.3946 0.5045 0.6805 0.5929 0.4501 0.4401 0.5890 0.6564 0.5704 0.5010 0.6102 0.5559 0.6179 0.6135 0.4881 0.4108 0.6648 0.5834 0.5753 0.3831 0.6637 0.6605 0.4968 0.6267 0.4065 0.5941 0.6652 0.5989 0.6513 0.7076 
0.3835 0.5178 0.5177 0.4636 0.4774 0.5220 0.5230 0.5683 0.4987 0.4494 0.4937 0.5025 0.5745 0.5499 0.5369 0.4380 0.5861 0.5021 0.5161 0.3992 0.5688 0.5379 0.4556 0.5752 0.3715 0.5552 0.5638 0.5140 0.5601 0.5868 
avg train acc: 0.5651 avg test acc: 0.5103 min train acc: 0.3831(19) min test acc: 0.3715(24)
Attack result:(0.5, 0.5, 0.392) (196, 196, 304, 304)
iter 300:
0.4042 0.5408 0.6929 0.5235 0.4507 0.5205 0.6268 0.6656 0.5996 0.5331 0.6280 0.5394 0.6520 0.5900 0.5454 0.4994 0.6887 0.5932 0.5970 0.2878 0.6456 0.6882 0.5335 0.6234 0.4138 0.5769 0.6702 0.5849 0.6205 0.7180 
0.3957 0.5366 0.5237 0.4700 0.4720 0.5527 0.5276 0.5916 0.5429 0.4633 0.5329 0.5039 0.5846 0.5572 0.5538 0.4655 0.5891 0.5166 0.5234 0.3885 0.5717 0.5489 0.4753 0.5814 0.3861 0.5631 0.5892 0.5259 0.5790 0.5921 
avg train acc: 0.5751 avg test acc: 0.5235 min train acc: 0.2878(19) min test acc: 0.3861(24)
Attack result:(0.504, 0.5047846889952153, 0.422) (211, 207, 293, 289)
iter 325:
0.4348 0.5221 0.6792 0.5026 0.4059 0.5140 0.6322 0.6716 0.6628 0.4810 0.6175 0.5188 0.6399 0.5863 0.5648 0.5170 0.6873 0.6082 0.5921 0.3244 0.6930 0.6826 0.5171 0.6394 0.4062 0.6310 0.6678 0.5580 0.6543 0.7311 
0.4098 0.5365 0.5053 0.4779 0.4694 0.5623 0.5297 0.5973 0.5688 0.4634 0.5410 0.5180 0.5936 0.5719 0.5830 0.4881 0.5935 0.5323 0.5298 0.3763 0.5825 0.5337 0.4849 0.5933 0.3697 0.5640 0.6013 0.5259 0.5976 0.5881 
avg train acc: 0.5781 avg test acc: 0.5296 min train acc: 0.3244(19) min test acc: 0.3697(24)
Attack result:(0.481, 0.4780600461893764, 0.414) (207, 226, 274, 293)
iter 350:
0.4580 0.5610 0.6839 0.5902 0.4090 0.5787 0.6536 0.6984 0.6476 0.5037 0.6120 0.5587 0.6625 0.5618 0.5446 0.5316 0.6775 0.6198 0.6043 0.3808 0.7120 0.6852 0.5416 0.6825 0.4339 0.6626 0.6895 0.5032 0.6766 0.7117 
0.4467 0.5489 0.5210 0.4787 0.4649 0.5741 0.5477 0.6056 0.5819 0.4873 0.5563 0.5125 0.5902 0.5721 0.5796 0.5037 0.5963 0.5593 0.5443 0.3921 0.5752 0.5420 0.4993 0.6048 0.4034 0.5698 0.6070 0.5214 0.5991 0.6067 
avg train acc: 0.5946 avg test acc: 0.5397 min train acc: 0.3808(19) min test acc: 0.3921(19)
Attack result:(0.486, 0.4847161572052402, 0.444) (222, 236, 264, 278)
iter 375:
0.4752 0.6073 0.7011 0.5787 0.3879 0.5775 0.6242 0.6950 0.6962 0.5043 0.5805 0.5363 0.6514 0.5621 0.5180 0.5597 0.7451 0.6446 0.5855 0.4175 0.6976 0.6906 0.5297 0.6778 0.4565 0.6758 0.7218 0.5224 0.6880 0.7123 
0.4546 0.5658 0.5439 0.4841 0.4813 0.5840 0.5741 0.6124 0.5830 0.4949 0.5742 0.5160 0.5976 0.5623 0.5865 0.5229 0.6135 0.5824 0.5321 0.4009 0.5960 0.5568 0.4854 0.6105 0.3981 0.5852 0.6132 0.5303 0.5990 0.6161 
avg train acc: 0.6007 avg test acc: 0.5486 min train acc: 0.3879(4) min test acc: 0.3981(24)
Attack result:(0.495, 0.49452954048140046, 0.452) (226, 231, 269, 274)
iter 400:
0.4762 0.6478 0.7084 0.6146 0.4455 0.6040 0.6423 0.6956 0.7014 0.5375 0.6123 0.4797 0.6329 0.5201 0.6284 0.5716 0.7300 0.6357 0.6134 0.4849 0.7073 0.6958 0.5065 0.6941 0.4208 0.6808 0.7067 0.4856 0.7032 0.7343 
0.4566 0.5852 0.5567 0.4903 0.4935 0.5879 0.5896 0.6177 0.5963 0.5138 0.5732 0.5263 0.5978 0.5645 0.6021 0.5290 0.6282 0.5932 0.5458 0.4203 0.5909 0.5615 0.4756 0.6130 0.3939 0.5842 0.6212 0.5334 0.6052 0.6274 
avg train acc: 0.6106 avg test acc: 0.5558 min train acc: 0.4208(24) min test acc: 0.3939(24)
Attack result:(0.501, 0.5011037527593819, 0.454) (227, 226, 274, 273)
iter 410:
0.4814 0.6444 0.6859 0.6222 0.4225 0.6376 0.6660 0.7176 0.6847 0.5250 0.6344 0.4878 0.6186 0.5186 0.6108 0.5436 0.6974 0.6385 0.6346 0.5259 0.6407 0.6718 0.5244 0.6627 0.4382 0.7021 0.7143 0.4535 0.6815 0.7638 
0.4588 0.5804 0.5601 0.4854 0.4962 0.5925 0.5960 0.6255 0.5890 0.5186 0.5904 0.5183 0.5885 0.5628 0.5853 0.5365 0.6319 0.5961 0.5524 0.4185 0.6019 0.5524 0.4671 0.6086 0.3837 0.6032 0.6129 0.5303 0.6197 0.6184 
avg train acc: 0.6083 avg test acc: 0.5560 min train acc: 0.4225(4) min test acc: 0.3837(24)
Attack result:(0.492, 0.4911894273127753, 0.446) (223, 231, 269, 277)
iter 420:
0.4783 0.6343 0.6816 0.6634 0.4605 0.5985 0.6307 0.7095 0.6905 0.5092 0.6274 0.4986 0.6051 0.5629 0.6030 0.5607 0.7009 0.6294 0.6583 0.5044 0.6564 0.6666 0.5043 0.6948 0.4700 0.6921 0.7537 0.4354 0.6751 0.7245 
0.4578 0.5770 0.5359 0.4919 0.5120 0.5900 0.5817 0.6131 0.6023 0.5214 0.5835 0.5480 0.5909 0.5688 0.6044 0.5485 0.6340 0.6040 0.5624 0.4166 0.5934 0.5624 0.4678 0.6122 0.3914 0.5989 0.6346 0.5365 0.6248 0.6092 
avg train acc: 0.6093 avg test acc: 0.5592 min train acc: 0.4354(27) min test acc: 0.3914(24)
Attack result:(0.507, 0.5074626865671642, 0.476) (238, 231, 269, 262)
iter 430:
0.4804 0.6511 0.7059 0.6518 0.4861 0.5809 0.6290 0.7173 0.6576 0.5319 0.6471 0.4455 0.6288 0.5603 0.6620 0.5499 0.7315 0.6197 0.6439 0.5177 0.7118 0.6537 0.4980 0.7001 0.4712 0.6793 0.7390 0.4364 0.7181 0.7642 
0.4634 0.5861 0.5477 0.5041 0.5158 0.5888 0.5973 0.6176 0.5999 0.5394 0.5891 0.5308 0.5901 0.5811 0.6052 0.5583 0.6369 0.5900 0.5542 0.4346 0.5882 0.5585 0.4698 0.6069 0.3911 0.6010 0.6201 0.5491 0.6116 0.6250 
avg train acc: 0.6157 avg test acc: 0.5617 min train acc: 0.4364(27) min test acc: 0.3911(24)
Attack result:(0.492, 0.49145299145299143, 0.46) (230, 238, 262, 270)
iter 440:
0.5054 0.6876 0.7086 0.6477 0.4749 0.5767 0.6318 0.7349 0.6718 0.5496 0.5927 0.4288 0.6210 0.6092 0.6411 0.5763 0.7330 0.6141 0.6266 0.5553 0.6899 0.6877 0.4948 0.6958 0.4935 0.6755 0.7111 0.3913 0.7024 0.7583 
0.4872 0.5922 0.5709 0.5019 0.5137 0.5892 0.5985 0.6282 0.6121 0.5340 0.6024 0.5475 0.5982 0.5710 0.6020 0.5662 0.6339 0.5870 0.5656 0.4278 0.5955 0.5769 0.4830 0.6169 0.4028 0.5865 0.6158 0.5505 0.6224 0.6294 
avg train acc: 0.6163 avg test acc: 0.5670 min train acc: 0.3913(27) min test acc: 0.4028(24)
Attack result:(0.504, 0.5040322580645161, 0.5) (250, 246, 254, 250)
iter 450:
0.4971 0.6232 0.6932 0.6496 0.4857 0.6353 0.6137 0.7201 0.6856 0.5257 0.6293 0.4297 0.6179 0.6164 0.6945 0.5870 0.7277 0.6115 0.6233 0.5980 0.6825 0.7080 0.5068 0.6732 0.5144 0.6974 0.7579 0.4200 0.6588 0.7397 
0.4705 0.5588 0.5263 0.5000 0.5382 0.6076 0.5870 0.6127 0.6054 0.5428 0.5989 0.5357 0.5935 0.5924 0.6361 0.5675 0.6447 0.6091 0.5525 0.4388 0.5962 0.5902 0.4931 0.6035 0.4216 0.6079 0.6303 0.5417 0.6151 0.6163 
avg train acc: 0.6208 avg test acc: 0.5678 min train acc: 0.4200(27) min test acc: 0.4216(24)
Attack result:(0.502, 0.5021186440677966, 0.474) (237, 235, 265, 263)
iter 460:
0.5028 0.6276 0.7107 0.6624 0.4999 0.5823 0.6157 0.7241 0.6565 0.5209 0.6345 0.4608 0.6514 0.6259 0.6812 0.6012 0.7272 0.6160 0.6066 0.5925 0.7115 0.7028 0.5377 0.6500 0.5124 0.6971 0.7040 0.4100 0.6972 0.7267 
0.4852 0.5726 0.5365 0.4988 0.5292 0.6089 0.5931 0.6184 0.6084 0.5369 0.6077 0.5319 0.5963 0.5981 0.6223 0.5834 0.6457 0.6089 0.5449 0.4320 0.5990 0.5910 0.4845 0.6071 0.4159 0.6019 0.6292 0.5548 0.6247 0.6255 
avg train acc: 0.6216 avg test acc: 0.5698 min train acc: 0.4100(27) min test acc: 0.4159(24)
Attack result:(0.504, 0.5040983606557377, 0.492) (246, 242, 258, 254)
iter 470:
0.5030 0.6627 0.6976 0.6764 0.4763 0.5948 0.6602 0.7414 0.6341 0.5802 0.6465 0.4845 0.6692 0.6230 0.5761 0.5839 0.7073 0.6064 0.6243 0.6021 0.6715 0.6412 0.5675 0.7219 0.5118 0.7024 0.7139 0.3310 0.6869 0.7413 
0.4877 0.5825 0.5739 0.4867 0.5302 0.5841 0.6092 0.6362 0.6136 0.5488 0.6152 0.5372 0.6049 0.5874 0.5945 0.5898 0.6420 0.5860 0.5597 0.4039 0.6034 0.5770 0.4942 0.6154 0.4137 0.5864 0.6289 0.5237 0.6280 0.6316 
avg train acc: 0.6213 avg test acc: 0.5692 min train acc: 0.3310(27) min test acc: 0.4039(19)
Attack result:(0.488, 0.4879518072289157, 0.486) (243, 255, 245, 257)
iter 480:
0.5371 0.6771 0.7232 0.6321 0.5237 0.6051 0.6324 0.7288 0.6359 0.5583 0.6700 0.4674 0.6668 0.5818 0.6116 0.5814 0.7144 0.6273 0.5828 0.5756 0.6500 0.6713 0.5794 0.7359 0.5319 0.7052 0.7275 0.3441 0.7050 0.7378 
0.5191 0.5603 0.5709 0.4816 0.5239 0.6141 0.6006 0.6324 0.6062 0.5371 0.6131 0.5251 0.6032 0.5895 0.6173 0.5787 0.6441 0.5985 0.5361 0.3955 0.6126 0.5921 0.5253 0.6124 0.4460 0.5987 0.6307 0.5046 0.6284 0.6378 
avg train acc: 0.6240 avg test acc: 0.5712 min train acc: 0.3441(27) min test acc: 0.3955(19)
Attack result:(0.501, 0.5009784735812133, 0.512) (256, 255, 245, 244)
iter 490:
0.5449 0.6781 0.7383 0.6639 0.4878 0.6070 0.5946 0.7165 0.6634 0.5641 0.6691 0.4833 0.6249 0.6376 0.5700 0.5919 0.7212 0.6253 0.5823 0.5912 0.7066 0.6488 0.5427 0.7134 0.5581 0.7205 0.7471 0.3532 0.7069 0.7509 
0.5253 0.5619 0.5703 0.5089 0.5316 0.6104 0.5874 0.6248 0.6128 0.5263 0.6118 0.5442 0.6113 0.6122 0.6161 0.5948 0.6513 0.6067 0.5346 0.3937 0.6224 0.5928 0.5188 0.6246 0.4406 0.6138 0.6310 0.5222 0.6368 0.6386 
avg train acc: 0.6268 avg test acc: 0.5759 min train acc: 0.3532(27) min test acc: 0.3937(19)
Attack result:(0.49, 0.49034749034749037, 0.508) (254, 264, 236, 246)
iter 500:
0.5411 0.6637 0.7293 0.6769 0.4970 0.5882 0.6162 0.7237 0.6619 0.5406 0.6875 0.4809 0.6609 0.6535 0.6238 0.5621 0.7086 0.5651 0.5593 0.5797 0.6905 0.6227 0.5702 0.7658 0.5220 0.7149 0.7238 0.3348 0.7245 0.7512 
0.5323 0.5759 0.5750 0.5070 0.5327 0.6089 0.6178 0.6350 0.6139 0.5233 0.6299 0.5227 0.6260 0.6029 0.6215 0.5985 0.6499 0.6029 0.5305 0.4042 0.6185 0.6041 0.5379 0.6280 0.4563 0.5988 0.6255 0.5111 0.6391 0.6384 
avg train acc: 0.6247 avg test acc: 0.5789 min train acc: 0.3348(27) min test acc: 0.4042(19)
Attack result:(0.49, 0.4904580152671756, 0.514) (257, 267, 233, 243)
iter 525:
0.5674 0.6930 0.7417 0.6857 0.5581 0.6387 0.6284 0.7239 0.6423 0.5894 0.7038 0.5300 0.6529 0.6235 0.6150 0.5953 0.7339 0.6365 0.6072 0.5464 0.7107 0.6120 0.6079 0.7243 0.5361 0.7140 0.6792 0.3345 0.7226 0.7544 
0.5560 0.5859 0.5979 0.5298 0.5277 0.6100 0.6163 0.6580 0.6197 0.5329 0.6127 0.5570 0.6187 0.6061 0.6132 0.5953 0.6502 0.5965 0.5539 0.3857 0.6118 0.5947 0.5471 0.6383 0.4551 0.6336 0.6287 0.4874 0.6534 0.6513 
avg train acc: 0.6370 avg test acc: 0.5842 min train acc: 0.3345(27) min test acc: 0.3857(19)
Attack result:(0.513, 0.51138353765324, 0.584) (292, 279, 221, 208)
iter 550:
0.5492 0.6546 0.7642 0.6503 0.5494 0.6270 0.6732 0.7445 0.6623 0.5656 0.7154 0.5439 0.6866 0.6244 0.6008 0.6058 0.6927 0.6306 0.5882 0.5260 0.6839 0.6439 0.6126 0.7352 0.5248 0.7086 0.6996 0.3738 0.7073 0.7518 
0.5501 0.5873 0.5956 0.5406 0.5279 0.6173 0.6126 0.6555 0.6026 0.5154 0.6138 0.5524 0.6426 0.6063 0.6202 0.5700 0.6532 0.6047 0.5447 0.4189 0.6140 0.6018 0.5565 0.6407 0.4559 0.6333 0.6347 0.5042 0.6426 0.6508 
avg train acc: 0.6365 avg test acc: 0.5855 min train acc: 0.3738(27) min test acc: 0.4189(19)
Attack result:(0.506, 0.5053571428571428, 0.566) (283, 277, 223, 217)
iter 575:
0.5746 0.6324 0.7090 0.6736 0.5104 0.6043 0.6422 0.7492 0.6720 0.5587 0.6888 0.6354 0.6807 0.6806 0.5988 0.5458 0.7247 0.6653 0.5965 0.4903 0.7265 0.6352 0.5897 0.7577 0.5406 0.7340 0.6962 0.3961 0.7197 0.7520 
0.5635 0.5790 0.6187 0.5514 0.5269 0.6306 0.6040 0.6577 0.6036 0.5083 0.6072 0.5799 0.6379 0.6166 0.6108 0.5573 0.6540 0.6184 0.5694 0.4511 0.6358 0.6040 0.5701 0.6428 0.4619 0.6423 0.6399 0.5161 0.6451 0.6562 
avg train acc: 0.6394 avg test acc: 0.5920 min train acc: 0.3961(27) min test acc: 0.4511(19)
Attack result:(0.516, 0.5144927536231884, 0.568) (284, 268, 232, 216)
iter 600:
0.5502 0.5992 0.6591 0.6540 0.5238 0.6276 0.6726 0.7606 0.6696 0.5441 0.7127 0.5877 0.6815 0.6776 0.5828 0.5743 0.7377 0.6549 0.6349 0.4624 0.6849 0.7316 0.6258 0.7508 0.5681 0.6870 0.7432 0.4783 0.7172 0.7678 
0.5480 0.5920 0.6278 0.5698 0.5223 0.6325 0.6143 0.6628 0.6056 0.5168 0.6053 0.5653 0.6471 0.6289 0.6142 0.5497 0.6550 0.6076 0.5716 0.4715 0.6285 0.6260 0.5849 0.6491 0.4794 0.6360 0.6396 0.5392 0.6291 0.6592 
avg train acc: 0.6441 avg test acc: 0.5960 min train acc: 0.4624(19) min test acc: 0.4715(19)
Attack result:(0.505, 0.5045372050816697, 0.556) (278, 273, 227, 222)
iter 625:
0.5285 0.6339 0.7290 0.6248 0.5224 0.6572 0.6568 0.7525 0.6979 0.6049 0.7104 0.6602 0.7135 0.6574 0.5706 0.5887 0.7468 0.6353 0.6639 0.4612 0.6672 0.7110 0.6102 0.7172 0.5309 0.7033 0.7244 0.4838 0.6506 0.7691 
0.5264 0.6069 0.6276 0.5755 0.5441 0.6348 0.6284 0.6710 0.6007 0.5396 0.6127 0.5814 0.6595 0.6286 0.6184 0.5475 0.6621 0.6121 0.5868 0.4876 0.6473 0.6244 0.5704 0.6524 0.4736 0.6368 0.6471 0.5472 0.6403 0.6573 
avg train acc: 0.6461 avg test acc: 0.6016 min train acc: 0.4612(19) min test acc: 0.4736(24)
Attack result:(0.508, 0.5077220077220077, 0.526) (263, 255, 245, 237)
iter 650:
0.5455 0.6091 0.7643 0.5711 0.4945 0.6352 0.6471 0.7639 0.6295 0.5507 0.7216 0.5811 0.7155 0.7156 0.6186 0.5731 0.7344 0.6594 0.6828 0.4564 0.7435 0.7495 0.6115 0.6929 0.5888 0.7121 0.7489 0.5290 0.6753 0.7697 
0.5382 0.5925 0.6249 0.5694 0.5485 0.6302 0.6251 0.6674 0.6021 0.5550 0.6143 0.5682 0.6628 0.6548 0.6361 0.5431 0.6703 0.6153 0.6003 0.5138 0.6538 0.6418 0.5815 0.6579 0.4966 0.6399 0.6491 0.5914 0.6547 0.6699 
avg train acc: 0.6497 avg test acc: 0.6090 min train acc: 0.4564(19) min test acc: 0.4966(24)
Attack result:(0.505, 0.504725897920605, 0.534) (267, 262, 238, 233)
iter 675:
0.5463 0.6293 0.7612 0.5899 0.4977 0.5858 0.6786 0.7664 0.6503 0.5859 0.6995 0.5241 0.6990 0.7161 0.5938 0.6107 0.7460 0.6160 0.7115 0.4217 0.7299 0.7346 0.5795 0.6706 0.5897 0.7281 0.7424 0.5656 0.7318 0.7549 
0.5398 0.5930 0.6192 0.5778 0.5752 0.6184 0.6310 0.6785 0.5956 0.5720 0.6037 0.5754 0.6694 0.6563 0.6489 0.5618 0.6744 0.5899 0.6295 0.4921 0.6518 0.6205 0.5795 0.6624 0.4800 0.6428 0.6541 0.6145 0.6577 0.6726 
avg train acc: 0.6486 avg test acc: 0.6113 min train acc: 0.4217(19) min test acc: 0.4800(24)
Attack result:(0.508, 0.5073260073260073, 0.554) (277, 269, 231, 223)
iter 700:
0.5628 0.5991 0.7580 0.6004 0.4655 0.6050 0.6479 0.7555 0.6390 0.5878 0.6273 0.6000 0.6955 0.6890 0.6385 0.6182 0.7142 0.6590 0.7136 0.3868 0.7640 0.7178 0.6043 0.6769 0.4904 0.7212 0.7797 0.5979 0.7083 0.7726 
0.5507 0.5776 0.6261 0.5612 0.5685 0.6261 0.6072 0.6680 0.5979 0.5540 0.5953 0.5787 0.6675 0.6649 0.6479 0.5667 0.6846 0.6001 0.6017 0.4764 0.6465 0.6241 0.5829 0.6490 0.4834 0.6500 0.6626 0.6108 0.6655 0.6807 
avg train acc: 0.6465 avg test acc: 0.6092 min train acc: 0.3868(19) min test acc: 0.4764(19)
Attack result:(0.491, 0.4918625678119349, 0.544) (272, 281, 219, 228)
iter 725:
0.5403 0.6449 0.7775 0.6299 0.4567 0.5697 0.6609 0.7624 0.7167 0.5684 0.6418 0.6306 0.6740 0.7028 0.5999 0.6244 0.7627 0.6665 0.6963 0.3576 0.7374 0.7090 0.5923 0.7241 0.4745 0.7240 0.7810 0.5653 0.7575 0.7752 
0.5275 0.5803 0.6378 0.5537 0.5747 0.6221 0.6207 0.6748 0.6252 0.5520 0.6211 0.5885 0.6645 0.6658 0.6419 0.5923 0.6653 0.5915 0.6182 0.4351 0.6511 0.6114 0.5633 0.6591 0.4767 0.6449 0.6713 0.5837 0.6523 0.6666 
avg train acc: 0.6508 avg test acc: 0.6078 min train acc: 0.3576(19) min test acc: 0.4351(19)
Attack result:(0.467, 0.4691588785046729, 0.502) (251, 284, 216, 249)
iter 750:
0.5623 0.6574 0.7951 0.6248 0.4820 0.6024 0.6801 0.7767 0.6753 0.5963 0.6664 0.5925 0.7226 0.7072 0.5927 0.6473 0.7658 0.6787 0.6704 0.3920 0.7262 0.7014 0.5979 0.7274 0.4561 0.7503 0.7860 0.5833 0.7682 0.7660 
0.5479 0.5918 0.6465 0.5521 0.5648 0.6344 0.6154 0.6733 0.6119 0.5425 0.6189 0.5885 0.6604 0.6725 0.6475 0.5832 0.6762 0.6138 0.5930 0.4374 0.6554 0.6046 0.5619 0.6627 0.4737 0.6587 0.6809 0.5980 0.6570 0.6774 
avg train acc: 0.6584 avg test acc: 0.6101 min train acc: 0.3920(19) min test acc: 0.4374(19)
Attack result:(0.464, 0.4675090252707581, 0.518) (259, 295, 205, 241)
iter 775:
0.5365 0.7043 0.8016 0.5752 0.5092 0.6335 0.6952 0.7495 0.6796 0.5768 0.6006 0.5882 0.6959 0.6628 0.5866 0.6449 0.7677 0.6790 0.6690 0.4319 0.7825 0.6979 0.5978 0.7358 0.4086 0.7512 0.7977 0.5586 0.7275 0.7768 
0.5191 0.6213 0.6456 0.5640 0.5458 0.6289 0.6287 0.6782 0.6007 0.5285 0.6143 0.5905 0.6651 0.6655 0.6397 0.5618 0.6769 0.6072 0.6064 0.4198 0.6609 0.5788 0.5346 0.6522 0.4200 0.6440 0.6835 0.5676 0.6413 0.6588 
avg train acc: 0.6541 avg test acc: 0.6017 min train acc: 0.4086(24) min test acc: 0.4198(19)
Attack result:(0.476, 0.47619047619047616, 0.48) (240, 264, 236, 260)
iter 800:
0.5432 0.7205 0.8009 0.6714 0.4740 0.6482 0.7174 0.7934 0.6940 0.5701 0.6685 0.6142 0.6933 0.6974 0.5440 0.5943 0.7736 0.7003 0.6953 0.4842 0.7793 0.6987 0.5187 0.7404 0.3899 0.7681 0.8056 0.5933 0.7228 0.8027 
0.5247 0.6394 0.6525 0.5804 0.5398 0.6510 0.6294 0.6738 0.5758 0.5283 0.6192 0.6175 0.6543 0.6573 0.6262 0.5419 0.6822 0.6328 0.6147 0.4340 0.6763 0.5881 0.5280 0.6399 0.4218 0.6336 0.6837 0.5737 0.6375 0.6612 
avg train acc: 0.6639 avg test acc: 0.6040 min train acc: 0.3899(24) min test acc: 0.4218(24)
Attack result:(0.495, 0.49502982107355864, 0.498) (249, 254, 246, 251)
***** Best Attack Result ********
{
    "iter": 575,
    "attack_metric": [
        0.516,
        0.5144927536231884,
        0.568
    ],
    "pred_distribution": [
        284,
        268,
        232,
        216
    ]
}
