************* DL Setting *************
   Seed = 3407
   Setting = s6
   Graph = regular30_15
   Number of Attacker = 1
   Sample per user/ Num of Cover = 4166
   Num of member/non-member = 500
   Normal User Batch size = 128
   Attacker Batch size = 256
   Attack = unitnorm
   Defense = median
   data distribution = iid
   Init LR = 0.01
   LR Decay = [800]
   Max Iter = 800
   Normal Train Iter = 200
**************************************
iter 25:
0.2346 0.2026 0.1802 0.2115 0.2028 0.2119 0.2104 0.2116 0.2026 0.2028 0.2136 0.1895 0.2030 0.2108 0.1989 0.2058 0.1899 0.2068 0.2147 0.2058 0.2001 0.2065 0.2105 0.2032 0.2162 0.2279 0.2121 0.2059 0.2250 0.2078 
0.2187 0.2068 0.1779 0.2044 0.1943 0.1955 0.2099 0.2059 0.1950 0.2018 0.2057 0.1940 0.1904 0.2067 0.1933 0.2018 0.1929 0.2069 0.2078 0.1973 0.1943 0.2144 0.2045 0.1910 0.2089 0.2169 0.1991 0.1875 0.2190 0.1990 
avg train acc: 0.2075 avg test acc: 0.2014 min train acc: 0.1802(2) min test acc: 0.1779(2)
Attack result:(0.498, 0.4951923076923077, 0.206) (103, 105, 395, 397)
iter 50:
0.3524 0.1738 0.1942 0.1686 0.3685 0.3641 0.2454 0.1672 0.3730 0.2374 0.2250 0.1274 0.2937 0.2697 0.2081 0.2939 0.2896 0.1558 0.2868 0.2564 0.2092 0.2971 0.1982 0.3020 0.1507 0.1781 0.2165 0.2167 0.2391 0.1175 
0.3511 0.1774 0.1981 0.1694 0.3529 0.3451 0.2300 0.1635 0.3438 0.2362 0.2133 0.1254 0.2896 0.2636 0.2009 0.3041 0.2960 0.1540 0.2807 0.2575 0.2073 0.2974 0.1906 0.3089 0.1452 0.1738 0.2084 0.2062 0.2359 0.1215 
avg train acc: 0.2392 avg test acc: 0.2349 min train acc: 0.1175(29) min test acc: 0.1215(29)
Attack result:(0.496, 0.4943181818181818, 0.348) (174, 178, 322, 326)
iter 75:
0.4400 0.2771 0.2568 0.2682 0.4101 0.4195 0.3369 0.2453 0.4601 0.3628 0.2759 0.1889 0.3311 0.3724 0.2709 0.3375 0.3070 0.2489 0.3329 0.2857 0.2594 0.3868 0.2724 0.3502 0.2232 0.2550 0.2690 0.3182 0.3554 0.2022 
0.4332 0.2769 0.2566 0.2700 0.3944 0.4056 0.3196 0.2375 0.4301 0.3445 0.2737 0.1946 0.3250 0.3645 0.2651 0.3404 0.3115 0.2448 0.3203 0.2849 0.2547 0.3825 0.2678 0.3469 0.2175 0.2578 0.2602 0.3100 0.3501 0.2037 
avg train acc: 0.3107 avg test acc: 0.3048 min train acc: 0.1889(11) min test acc: 0.1946(11)
Attack result:(0.5, 0.5, 0.432) (216, 216, 284, 284)
iter 100:
0.4826 0.2885 0.2665 0.2764 0.4768 0.4467 0.3973 0.2510 0.5097 0.4224 0.2815 0.2037 0.3703 0.3741 0.2849 0.3638 0.3575 0.2588 0.3603 0.3180 0.2586 0.4437 0.2788 0.4117 0.2412 0.2878 0.2821 0.3303 0.3397 0.2091 
0.4776 0.2871 0.2615 0.2814 0.4649 0.4408 0.3822 0.2476 0.4736 0.4015 0.2787 0.2123 0.3594 0.3634 0.2795 0.3731 0.3574 0.2575 0.3460 0.3162 0.2672 0.4321 0.2769 0.4085 0.2405 0.2848 0.2735 0.3242 0.3413 0.2141 
avg train acc: 0.3358 avg test acc: 0.3308 min train acc: 0.2037(11) min test acc: 0.2123(11)
Attack result:(0.49, 0.4895833333333333, 0.47) (235, 245, 255, 265)
iter 125:
0.5169 0.3472 0.3320 0.3320 0.5102 0.4984 0.4417 0.3330 0.5425 0.4619 0.3411 0.2829 0.4125 0.4694 0.3458 0.4276 0.4514 0.3163 0.4372 0.3766 0.3195 0.4691 0.3634 0.4667 0.3314 0.3909 0.3423 0.4351 0.4336 0.2799 
0.5141 0.3452 0.3270 0.3396 0.4969 0.4869 0.4303 0.3323 0.5105 0.4367 0.3354 0.2811 0.4063 0.4524 0.3405 0.4309 0.4467 0.3147 0.4300 0.3794 0.3265 0.4630 0.3525 0.4683 0.3286 0.3910 0.3297 0.4140 0.4426 0.2802 
avg train acc: 0.4003 avg test acc: 0.3944 min train acc: 0.2799(29) min test acc: 0.2802(29)
Attack result:(0.491, 0.4909819639278557, 0.49) (245, 254, 246, 255)
iter 150:
0.5560 0.3964 0.3870 0.3766 0.5497 0.5291 0.4531 0.3769 0.5796 0.4812 0.3936 0.3384 0.4740 0.5111 0.4026 0.4701 0.4931 0.3535 0.4751 0.4162 0.3669 0.4966 0.4132 0.4708 0.3890 0.4682 0.3934 0.4638 0.4786 0.3408 
0.5420 0.3889 0.3798 0.3802 0.5315 0.5228 0.4509 0.3764 0.5379 0.4604 0.3853 0.3493 0.4591 0.5010 0.3966 0.4755 0.4984 0.3480 0.4701 0.4174 0.3710 0.4832 0.4039 0.4765 0.3869 0.4728 0.3802 0.4504 0.4807 0.3396 
avg train acc: 0.4431 avg test acc: 0.4372 min train acc: 0.3384(11) min test acc: 0.3396(29)
Attack result:(0.477, 0.4787430683918669, 0.518) (259, 282, 218, 241)
iter 175:
0.5865 0.3954 0.4059 0.3883 0.5425 0.5747 0.4354 0.3650 0.6054 0.4531 0.4119 0.3720 0.4638 0.5600 0.4358 0.5159 0.5241 0.3436 0.5166 0.3861 0.3560 0.4819 0.4009 0.4521 0.4089 0.5217 0.4113 0.4682 0.4750 0.3465 
0.5684 0.3983 0.4074 0.3899 0.5303 0.5647 0.4325 0.3664 0.5714 0.4334 0.4010 0.3809 0.4628 0.5414 0.4309 0.5141 0.5234 0.3357 0.5078 0.3899 0.3592 0.4680 0.3907 0.4545 0.4057 0.5271 0.4014 0.4529 0.4861 0.3429 
avg train acc: 0.4535 avg test acc: 0.4480 min train acc: 0.3436(17) min test acc: 0.3357(17)
Attack result:(0.479, 0.4808743169398907, 0.528) (264, 285, 215, 236)
iter 200:
0.5942 0.3764 0.4067 0.3298 0.5567 0.5997 0.4413 0.3036 0.6216 0.4169 0.4083 0.3389 0.4707 0.5389 0.4497 0.5461 0.5909 0.2763 0.5201 0.3155 0.3048 0.5060 0.3596 0.4034 0.3448 0.5520 0.4141 0.4070 0.4466 0.2818 
0.5788 0.3785 0.4098 0.3351 0.5440 0.5861 0.4355 0.2995 0.5817 0.3977 0.3985 0.3486 0.4667 0.5289 0.4451 0.5379 0.5738 0.2744 0.5154 0.3234 0.3096 0.4900 0.3629 0.4111 0.3472 0.5432 0.4009 0.4045 0.4488 0.2833 
avg train acc: 0.4374 avg test acc: 0.4320 min train acc: 0.2763(17) min test acc: 0.2744(17)
Attack result:(0.473, 0.47584973166368516, 0.532) (266, 293, 207, 234)
iter 225:
0.6229 0.3638 0.3772 0.3385 0.6017 0.6156 0.4546 0.3597 0.6433 0.4307 0.4016 0.3429 0.5115 0.5621 0.4121 0.5541 0.6110 0.3024 0.4923 0.3513 0.3302 0.5298 0.4137 0.5100 0.3958 0.5594 0.4110 0.4614 0.4707 0.3277 
0.5998 0.3719 0.3894 0.3503 0.5904 0.5954 0.4381 0.3599 0.5986 0.4120 0.3919 0.3514 0.5053 0.5430 0.4100 0.5456 0.5965 0.3007 0.4802 0.3525 0.3404 0.5171 0.4169 0.5122 0.3960 0.5547 0.4053 0.4465 0.4729 0.3210 
avg train acc: 0.4586 avg test acc: 0.4522 min train acc: 0.3024(17) min test acc: 0.3007(17)
Attack result:(0.491, 0.49248747913188645, 0.59) (295, 304, 196, 205)
iter 250:
0.6365 0.4092 0.4213 0.3801 0.6283 0.6291 0.4770 0.4202 0.6528 0.4875 0.4445 0.3607 0.5297 0.5725 0.4262 0.5358 0.6184 0.3552 0.5105 0.4568 0.3958 0.5386 0.4623 0.5862 0.4636 0.5570 0.4409 0.5323 0.5190 0.3709 
0.6150 0.4112 0.4310 0.3877 0.6083 0.6057 0.4666 0.4212 0.6078 0.4639 0.4369 0.3743 0.5192 0.5607 0.4284 0.5317 0.6025 0.3564 0.4998 0.4585 0.4104 0.5240 0.4689 0.5916 0.4596 0.5560 0.4321 0.5299 0.5222 0.3623 
avg train acc: 0.4940 avg test acc: 0.4881 min train acc: 0.3552(17) min test acc: 0.3564(17)
Attack result:(0.489, 0.4907563025210084, 0.584) (292, 303, 197, 208)
iter 275:
0.6438 0.4420 0.4103 0.4201 0.6374 0.6396 0.5100 0.4596 0.6728 0.5148 0.4401 0.3915 0.5416 0.5719 0.4258 0.5492 0.6142 0.4135 0.5250 0.4876 0.4137 0.5790 0.4926 0.6076 0.4795 0.5384 0.4412 0.5633 0.5220 0.4031 
0.6258 0.4494 0.4280 0.4280 0.6152 0.6130 0.4890 0.4537 0.6243 0.4893 0.4340 0.4035 0.5368 0.5615 0.4187 0.5432 0.5999 0.4091 0.5161 0.4914 0.4208 0.5654 0.4945 0.5971 0.4720 0.5380 0.4338 0.5510 0.5242 0.3978 
avg train acc: 0.5117 avg test acc: 0.5042 min train acc: 0.3915(11) min test acc: 0.3978(29)
Attack result:(0.48, 0.4837133550488599, 0.594) (297, 317, 183, 203)
iter 300:
0.6461 0.4579 0.3938 0.4120 0.6520 0.6402 0.4902 0.4161 0.6538 0.5058 0.4145 0.3696 0.5369 0.5494 0.3878 0.5313 0.6056 0.4129 0.5086 0.4727 0.3861 0.5743 0.4745 0.6087 0.4466 0.4931 0.4181 0.5227 0.5005 0.3800 
0.6314 0.4561 0.4062 0.4169 0.6211 0.6167 0.4753 0.4206 0.6153 0.4839 0.4096 0.3833 0.5252 0.5427 0.3867 0.5342 0.5984 0.4082 0.5055 0.4819 0.3946 0.5527 0.4682 0.6072 0.4371 0.4901 0.4050 0.5176 0.5052 0.3767 
avg train acc: 0.4954 avg test acc: 0.4891 min train acc: 0.3696(11) min test acc: 0.3767(29)
Attack result:(0.471, 0.4765751211631664, 0.59) (295, 324, 176, 205)
iter 325:
0.6408 0.4003 0.3810 0.3766 0.6560 0.6382 0.4890 0.3768 0.6661 0.5146 0.4008 0.3359 0.5374 0.5107 0.3697 0.5467 0.5868 0.3758 0.5129 0.4707 0.3764 0.5763 0.4230 0.6030 0.3874 0.4598 0.4025 0.4764 0.4795 0.3422 
0.6305 0.4102 0.3889 0.3885 0.6216 0.6246 0.4715 0.3794 0.6238 0.4870 0.3957 0.3422 0.5253 0.5029 0.3722 0.5371 0.5833 0.3728 0.4990 0.4764 0.3848 0.5573 0.4227 0.6011 0.3830 0.4509 0.3932 0.4620 0.4840 0.3430 
avg train acc: 0.4771 avg test acc: 0.4705 min train acc: 0.3359(11) min test acc: 0.3422(11)
Attack result:(0.467, 0.47433903576982894, 0.61) (305, 338, 162, 195)
iter 350:
0.6668 0.4224 0.4061 0.3963 0.6438 0.6509 0.4828 0.4080 0.6859 0.5194 0.4302 0.3527 0.5280 0.5445 0.3994 0.5320 0.5928 0.3863 0.5185 0.4675 0.4011 0.5544 0.4543 0.5984 0.4140 0.4926 0.4385 0.4935 0.4981 0.3601 
0.6405 0.4284 0.4135 0.4097 0.6190 0.6266 0.4700 0.4064 0.6349 0.4848 0.4283 0.3619 0.5182 0.5435 0.4056 0.5266 0.5841 0.3818 0.5058 0.4747 0.4087 0.5347 0.4483 0.5979 0.4063 0.4904 0.4229 0.4774 0.4995 0.3629 
avg train acc: 0.4913 avg test acc: 0.4838 min train acc: 0.3527(11) min test acc: 0.3619(11)
Attack result:(0.48, 0.4842271293375394, 0.614) (307, 327, 173, 193)
iter 375:
0.6660 0.4584 0.4409 0.4460 0.6257 0.6367 0.5019 0.4390 0.7073 0.5268 0.4814 0.3670 0.5461 0.5761 0.4465 0.5509 0.5594 0.4270 0.5284 0.4776 0.4393 0.5685 0.4777 0.5864 0.4300 0.5029 0.4788 0.5243 0.5365 0.4012 
0.6436 0.4664 0.4479 0.4533 0.6038 0.6178 0.4932 0.4361 0.6435 0.5066 0.4746 0.3847 0.5400 0.5593 0.4489 0.5475 0.5564 0.4273 0.5207 0.4799 0.4427 0.5599 0.4788 0.5838 0.4269 0.4861 0.4624 0.5128 0.5364 0.3912 
avg train acc: 0.5118 avg test acc: 0.5044 min train acc: 0.3670(11) min test acc: 0.3847(11)
Attack result:(0.472, 0.4785276073619632, 0.624) (312, 340, 160, 188)
iter 400:
0.6655 0.4878 0.4275 0.4655 0.6421 0.6386 0.5047 0.4247 0.6973 0.5313 0.4658 0.3709 0.5384 0.6047 0.4407 0.5420 0.5475 0.4509 0.5082 0.4514 0.4179 0.5882 0.4740 0.5806 0.4317 0.4919 0.4595 0.5237 0.5394 0.3920 
0.6471 0.4945 0.4335 0.4624 0.6179 0.6147 0.4951 0.4267 0.6375 0.5114 0.4580 0.3806 0.5328 0.5909 0.4340 0.5383 0.5487 0.4437 0.5022 0.4627 0.4276 0.5719 0.4694 0.5879 0.4271 0.4866 0.4452 0.5100 0.5433 0.3864 
avg train acc: 0.5101 avg test acc: 0.5029 min train acc: 0.3709(11) min test acc: 0.3806(11)
Attack result:(0.469, 0.4754358161648177, 0.6) (300, 331, 169, 200)
iter 410:
0.6717 0.4738 0.4180 0.4386 0.6408 0.6394 0.5128 0.4187 0.7048 0.5293 0.4482 0.3453 0.5238 0.5739 0.4274 0.5281 0.5432 0.4284 0.5102 0.4685 0.4197 0.5780 0.4548 0.5899 0.4149 0.4791 0.4508 0.5051 0.5369 0.3790 
0.6481 0.4806 0.4280 0.4436 0.6202 0.6108 0.4928 0.4192 0.6413 0.5063 0.4529 0.3598 0.5262 0.5620 0.4247 0.5314 0.5454 0.4269 0.4990 0.4669 0.4288 0.5700 0.4603 0.5862 0.4112 0.4678 0.4399 0.5052 0.5290 0.3726 
avg train acc: 0.5018 avg test acc: 0.4952 min train acc: 0.3453(11) min test acc: 0.3598(11)
Attack result:(0.483, 0.486697965571205, 0.622) (311, 328, 172, 189)
iter 420:
0.6715 0.4540 0.4239 0.4299 0.6602 0.6567 0.5275 0.4112 0.7043 0.5421 0.4816 0.3541 0.5587 0.5900 0.4401 0.5471 0.5661 0.4189 0.5143 0.4670 0.4224 0.5979 0.4415 0.5908 0.4107 0.4922 0.4594 0.5186 0.5391 0.3812 
0.6479 0.4563 0.4381 0.4389 0.6343 0.6371 0.5064 0.4092 0.6444 0.5198 0.4669 0.3601 0.5449 0.5693 0.4379 0.5482 0.5549 0.4161 0.5072 0.4755 0.4370 0.5848 0.4450 0.5918 0.4027 0.4780 0.4521 0.5096 0.5321 0.3700 
avg train acc: 0.5091 avg test acc: 0.5006 min train acc: 0.3541(11) min test acc: 0.3601(11)
Attack result:(0.476, 0.48148148148148145, 0.624) (312, 336, 164, 188)
iter 430:
0.6663 0.4746 0.4454 0.4186 0.6423 0.6641 0.5325 0.4017 0.7141 0.5515 0.4783 0.3482 0.5683 0.5851 0.4643 0.5739 0.5958 0.4140 0.5372 0.4835 0.4320 0.6010 0.4414 0.5727 0.4158 0.4650 0.4781 0.4963 0.5242 0.3728 
0.6437 0.4672 0.4594 0.4260 0.6243 0.6416 0.5198 0.4016 0.6494 0.5303 0.4807 0.3575 0.5624 0.5662 0.4599 0.5687 0.5898 0.4141 0.5330 0.4888 0.4473 0.5881 0.4424 0.5751 0.4090 0.4647 0.4693 0.4931 0.5266 0.3581 
avg train acc: 0.5120 avg test acc: 0.5053 min train acc: 0.3482(11) min test acc: 0.3575(11)
Attack result:(0.461, 0.46957878315132606, 0.602) (301, 340, 160, 199)
iter 440:
0.6698 0.4845 0.4607 0.4552 0.6388 0.6611 0.5391 0.4555 0.7156 0.5484 0.5021 0.3782 0.5635 0.5925 0.4746 0.5769 0.6055 0.4450 0.5518 0.4902 0.4439 0.5868 0.4787 0.5980 0.4548 0.5125 0.4822 0.5335 0.5591 0.4107 
0.6485 0.4882 0.4724 0.4658 0.6170 0.6381 0.5168 0.4481 0.6505 0.5215 0.4927 0.3870 0.5564 0.5787 0.4739 0.5703 0.5989 0.4390 0.5424 0.4876 0.4552 0.5758 0.4854 0.5926 0.4481 0.5050 0.4796 0.5332 0.5543 0.3997 
avg train acc: 0.5290 avg test acc: 0.5208 min train acc: 0.3782(11) min test acc: 0.3870(11)
Attack result:(0.467, 0.4740973312401884, 0.604) (302, 335, 165, 198)
iter 450:
0.6703 0.4993 0.4828 0.4646 0.6614 0.6583 0.5554 0.4596 0.7145 0.5681 0.5163 0.4141 0.5826 0.6210 0.5028 0.5857 0.6180 0.4572 0.5666 0.4978 0.4662 0.6006 0.4835 0.5914 0.4762 0.5535 0.5040 0.5313 0.5637 0.4263 
0.6485 0.4972 0.4925 0.4757 0.6410 0.6404 0.5409 0.4588 0.6505 0.5426 0.5082 0.4183 0.5661 0.6068 0.5002 0.5815 0.6051 0.4498 0.5592 0.5053 0.4684 0.5872 0.4890 0.5921 0.4662 0.5428 0.4970 0.5329 0.5643 0.4204 
avg train acc: 0.5431 avg test acc: 0.5350 min train acc: 0.4141(11) min test acc: 0.4183(11)
Attack result:(0.467, 0.47425897035881437, 0.608) (304, 337, 163, 196)
iter 460:
0.6762 0.5071 0.4749 0.4837 0.6717 0.6646 0.5637 0.4803 0.7147 0.5638 0.5116 0.4409 0.5784 0.6388 0.5088 0.5947 0.6079 0.4771 0.5671 0.4949 0.4651 0.6004 0.5071 0.5938 0.4978 0.5786 0.5066 0.5590 0.5997 0.4488 
0.6587 0.5105 0.4886 0.4906 0.6491 0.6433 0.5428 0.4746 0.6463 0.5428 0.5040 0.4467 0.5698 0.6232 0.5056 0.5879 0.6035 0.4692 0.5603 0.4986 0.4697 0.5911 0.5055 0.5901 0.4886 0.5667 0.4948 0.5492 0.5912 0.4388 
avg train acc: 0.5526 avg test acc: 0.5434 min train acc: 0.4409(11) min test acc: 0.4388(29)
Attack result:(0.476, 0.4818181818181818, 0.636) (318, 342, 158, 182)
iter 470:
0.6847 0.5232 0.4974 0.5035 0.6804 0.6744 0.5788 0.4960 0.7229 0.5773 0.5317 0.4504 0.5987 0.6481 0.5218 0.6115 0.6373 0.4855 0.5887 0.5028 0.4652 0.6206 0.5246 0.5888 0.5117 0.5946 0.5153 0.5800 0.5878 0.4646 
0.6605 0.5262 0.5084 0.5042 0.6551 0.6463 0.5553 0.4909 0.6571 0.5514 0.5242 0.4577 0.5884 0.6314 0.5209 0.6031 0.6218 0.4725 0.5718 0.5035 0.4747 0.6061 0.5193 0.5901 0.4968 0.5806 0.5117 0.5690 0.5854 0.4527 
avg train acc: 0.5656 avg test acc: 0.5546 min train acc: 0.4504(11) min test acc: 0.4527(29)
Attack result:(0.471, 0.4779299847792998, 0.628) (314, 343, 157, 186)
iter 480:
0.6845 0.5189 0.5080 0.4848 0.6703 0.6937 0.5553 0.4860 0.7332 0.5720 0.5430 0.4517 0.6143 0.6423 0.5283 0.6008 0.6550 0.4657 0.5851 0.5158 0.4766 0.6125 0.5158 0.6102 0.5079 0.5920 0.5231 0.5707 0.5953 0.4553 
0.6694 0.5182 0.5159 0.4920 0.6536 0.6636 0.5419 0.4866 0.6657 0.5485 0.5337 0.4584 0.5861 0.6282 0.5253 0.6040 0.6423 0.4603 0.5729 0.5128 0.4819 0.5960 0.5161 0.6058 0.4979 0.5857 0.5167 0.5630 0.5934 0.4483 
avg train acc: 0.5656 avg test acc: 0.5561 min train acc: 0.4517(11) min test acc: 0.4483(29)
Attack result:(0.48, 0.48484848484848486, 0.64) (320, 340, 160, 180)
iter 490:
0.6866 0.5241 0.4885 0.5056 0.6722 0.6820 0.5538 0.4968 0.7178 0.5582 0.5193 0.4687 0.5965 0.6498 0.5182 0.6067 0.6587 0.4835 0.5769 0.4875 0.4516 0.6176 0.5416 0.6139 0.5147 0.6201 0.5089 0.5763 0.5886 0.4687 
0.6715 0.5207 0.4972 0.5124 0.6527 0.6567 0.5325 0.4945 0.6584 0.5321 0.5127 0.4745 0.5781 0.6286 0.5143 0.6024 0.6433 0.4718 0.5613 0.4834 0.4600 0.6027 0.5338 0.6082 0.5033 0.6018 0.4999 0.5658 0.5887 0.4643 
avg train acc: 0.5651 avg test acc: 0.5543 min train acc: 0.4516(20) min test acc: 0.4600(20)
Attack result:(0.47, 0.47774480712166173, 0.644) (322, 352, 148, 178)
iter 500:
0.6987 0.5140 0.4721 0.5010 0.6938 0.6868 0.5411 0.4884 0.7332 0.5472 0.5041 0.4605 0.5932 0.6721 0.4996 0.6015 0.6565 0.4721 0.5624 0.4700 0.4413 0.6268 0.5442 0.6040 0.5282 0.6285 0.4952 0.5870 0.5877 0.4607 
0.6754 0.5166 0.4842 0.5046 0.6670 0.6567 0.5270 0.4955 0.6664 0.5242 0.4983 0.4735 0.5776 0.6570 0.5002 0.5985 0.6365 0.4648 0.5496 0.4691 0.4440 0.6095 0.5311 0.6026 0.5148 0.6165 0.4854 0.5747 0.5847 0.4590 
avg train acc: 0.5624 avg test acc: 0.5522 min train acc: 0.4413(20) min test acc: 0.4440(20)
Attack result:(0.474, 0.48036253776435045, 0.636) (318, 344, 156, 182)
iter 525:
0.6848 0.4635 0.4413 0.4510 0.7049 0.6920 0.5204 0.4524 0.7364 0.5371 0.4742 0.4134 0.5977 0.6278 0.4588 0.6116 0.6533 0.4133 0.5441 0.4939 0.4365 0.6107 0.5209 0.6394 0.4790 0.5834 0.4683 0.5645 0.5392 0.4043 
0.6742 0.4645 0.4533 0.4511 0.6741 0.6661 0.5054 0.4580 0.6691 0.5103 0.4634 0.4197 0.5864 0.5961 0.4551 0.6013 0.6411 0.4097 0.5341 0.4993 0.4423 0.5955 0.5067 0.6314 0.4710 0.5663 0.4550 0.5458 0.5396 0.4100 
avg train acc: 0.5406 avg test acc: 0.5299 min train acc: 0.4043(29) min test acc: 0.4097(17)
Attack result:(0.472, 0.4791044776119403, 0.642) (321, 349, 151, 179)
iter 550:
0.7023 0.4612 0.4353 0.4389 0.7181 0.6989 0.5541 0.4532 0.7531 0.5698 0.4486 0.3839 0.5849 0.6018 0.4300 0.5872 0.6592 0.4146 0.5703 0.5406 0.4348 0.6375 0.5004 0.6739 0.4649 0.5520 0.4565 0.5691 0.5386 0.3897 
0.6780 0.4594 0.4383 0.4455 0.6809 0.6712 0.5473 0.4515 0.6778 0.5476 0.4461 0.3985 0.5714 0.5853 0.4296 0.5779 0.6407 0.4110 0.5549 0.5406 0.4380 0.6282 0.4993 0.6675 0.4592 0.5404 0.4438 0.5578 0.5422 0.3966 
avg train acc: 0.5408 avg test acc: 0.5309 min train acc: 0.3839(11) min test acc: 0.3966(29)
Attack result:(0.469, 0.47703703703703704, 0.644) (322, 353, 147, 178)
iter 575:
0.7058 0.4971 0.4599 0.4712 0.7245 0.7097 0.5667 0.4764 0.7528 0.5745 0.4754 0.4152 0.6158 0.5950 0.4418 0.6223 0.6725 0.4626 0.5922 0.5692 0.4602 0.6559 0.5308 0.6780 0.4906 0.5591 0.4825 0.5759 0.5435 0.4260 
0.6806 0.5032 0.4642 0.4777 0.6789 0.6778 0.5566 0.4696 0.6761 0.5627 0.4698 0.4293 0.6141 0.5778 0.4446 0.6154 0.6611 0.4531 0.5793 0.5659 0.4614 0.6439 0.5296 0.6614 0.4790 0.5452 0.4672 0.5620 0.5525 0.4212 
avg train acc: 0.5601 avg test acc: 0.5494 min train acc: 0.4152(11) min test acc: 0.4212(29)
Attack result:(0.48, 0.48516320474777447, 0.654) (327, 347, 153, 173)
iter 600:
0.7013 0.5210 0.4886 0.5001 0.7280 0.7222 0.5861 0.5058 0.7542 0.5974 0.5178 0.4581 0.6390 0.6349 0.4738 0.6479 0.6866 0.4841 0.6173 0.5709 0.4927 0.6693 0.5503 0.6857 0.5225 0.5916 0.5051 0.6079 0.5886 0.4692 
0.6787 0.5245 0.4997 0.5049 0.6826 0.6800 0.5703 0.5046 0.6837 0.5805 0.5071 0.4677 0.6348 0.6243 0.4751 0.6387 0.6794 0.4808 0.5962 0.5801 0.4877 0.6493 0.5453 0.6667 0.5119 0.5794 0.4948 0.6011 0.5965 0.4577 
avg train acc: 0.5839 avg test acc: 0.5728 min train acc: 0.4581(11) min test acc: 0.4577(29)
Attack result:(0.478, 0.4838709677419355, 0.66) (330, 352, 148, 170)
iter 625:
0.7198 0.5257 0.5015 0.5205 0.7471 0.7318 0.5957 0.5452 0.7545 0.5964 0.5365 0.4938 0.6500 0.6790 0.5172 0.6549 0.7075 0.4938 0.6116 0.5774 0.5133 0.6626 0.5722 0.6932 0.5695 0.6388 0.5315 0.6438 0.6245 0.4963 
0.6936 0.5365 0.5157 0.5255 0.6964 0.6950 0.5770 0.5399 0.6834 0.5800 0.5261 0.5004 0.6465 0.6555 0.5120 0.6548 0.6888 0.4920 0.6068 0.5827 0.5102 0.6438 0.5761 0.6761 0.5593 0.6255 0.5165 0.6338 0.6231 0.4832 
avg train acc: 0.6035 avg test acc: 0.5919 min train acc: 0.4938(11) min test acc: 0.4832(29)
Attack result:(0.482, 0.4869942196531792, 0.674) (337, 355, 145, 163)
iter 650:
0.7167 0.5396 0.5494 0.5317 0.7471 0.7396 0.6368 0.5607 0.7685 0.6360 0.5808 0.4949 0.6504 0.6784 0.5597 0.6581 0.6937 0.4985 0.6478 0.5984 0.5467 0.6817 0.5876 0.7054 0.5778 0.6501 0.5740 0.6408 0.6270 0.5119 
0.6941 0.5399 0.5581 0.5373 0.6912 0.6964 0.6249 0.5466 0.6961 0.6213 0.5702 0.4989 0.6401 0.6560 0.5613 0.6480 0.6752 0.4880 0.6284 0.6001 0.5457 0.6677 0.5903 0.6794 0.5624 0.6397 0.5631 0.6316 0.6205 0.4939 
avg train acc: 0.6197 avg test acc: 0.6055 min train acc: 0.4949(11) min test acc: 0.4880(17)
Attack result:(0.479, 0.48497854077253216, 0.678) (339, 360, 140, 161)
iter 675:
0.7271 0.5489 0.5518 0.5347 0.7519 0.7443 0.6160 0.5580 0.7750 0.6104 0.5779 0.5011 0.6633 0.6797 0.5576 0.6691 0.7118 0.5100 0.6369 0.5859 0.5315 0.6802 0.5803 0.6923 0.5698 0.6473 0.5685 0.6369 0.6278 0.5177 
0.7007 0.5579 0.5545 0.5435 0.6987 0.7022 0.6013 0.5493 0.6979 0.5967 0.5655 0.5083 0.6572 0.6579 0.5583 0.6663 0.6927 0.5027 0.6247 0.5882 0.5336 0.6620 0.5802 0.6711 0.5607 0.6288 0.5585 0.6323 0.6230 0.5008 
avg train acc: 0.6188 avg test acc: 0.6059 min train acc: 0.5011(11) min test acc: 0.5008(29)
Attack result:(0.479, 0.48480463096960924, 0.67) (335, 356, 144, 165)
iter 700:
0.7165 0.5494 0.5336 0.5258 0.7395 0.7330 0.6059 0.5459 0.7622 0.5974 0.5627 0.4954 0.6527 0.6642 0.5581 0.6740 0.7102 0.5043 0.6227 0.5482 0.5086 0.6804 0.5711 0.6891 0.5609 0.6227 0.5476 0.6046 0.6115 0.5065 
0.6976 0.5510 0.5378 0.5367 0.6912 0.6907 0.5863 0.5393 0.6921 0.5783 0.5493 0.4970 0.6436 0.6411 0.5478 0.6578 0.6912 0.5015 0.6069 0.5540 0.5134 0.6553 0.5725 0.6651 0.5412 0.6131 0.5409 0.6015 0.6159 0.4956 
avg train acc: 0.6068 avg test acc: 0.5935 min train acc: 0.4954(11) min test acc: 0.4956(29)
Attack result:(0.481, 0.4862914862914863, 0.674) (337, 356, 144, 163)
iter 725:
0.7174 0.5378 0.5335 0.5221 0.7443 0.7592 0.5860 0.5413 0.7791 0.5798 0.5490 0.5062 0.6494 0.6614 0.5559 0.6738 0.7262 0.4942 0.6298 0.5469 0.5084 0.6444 0.5666 0.6880 0.5606 0.6466 0.5536 0.6140 0.6253 0.4984 
0.7036 0.5400 0.5316 0.5244 0.6953 0.7070 0.5673 0.5286 0.6957 0.5630 0.5409 0.5016 0.6327 0.6477 0.5453 0.6605 0.7034 0.4850 0.6105 0.5487 0.5095 0.6227 0.5650 0.6699 0.5442 0.6249 0.5435 0.6026 0.6124 0.4909 
avg train acc: 0.6066 avg test acc: 0.5906 min train acc: 0.4942(17) min test acc: 0.4850(17)
Attack result:(0.482, 0.4870689655172414, 0.678) (339, 357, 143, 161)
iter 750:
0.7276 0.5288 0.5284 0.5119 0.7516 0.7535 0.6061 0.5231 0.7847 0.5994 0.5589 0.4814 0.6493 0.6533 0.5488 0.6730 0.7049 0.4781 0.6191 0.5498 0.5127 0.6612 0.5736 0.6951 0.5472 0.6365 0.5514 0.6197 0.6017 0.4747 
0.7043 0.5278 0.5291 0.5204 0.7000 0.7084 0.5854 0.5236 0.7075 0.5813 0.5422 0.4869 0.6268 0.6363 0.5389 0.6461 0.6833 0.4648 0.6079 0.5540 0.5140 0.6450 0.5714 0.6755 0.5322 0.6209 0.5449 0.6064 0.5998 0.4810 
avg train acc: 0.6035 avg test acc: 0.5889 min train acc: 0.4747(29) min test acc: 0.4648(17)
Attack result:(0.47, 0.4785100286532951, 0.668) (334, 364, 136, 166)
iter 775:
0.7274 0.5065 0.4930 0.4859 0.7618 0.7540 0.5685 0.5000 0.7857 0.5698 0.5098 0.4499 0.6407 0.6341 0.4952 0.6580 0.7147 0.4577 0.5992 0.5303 0.4833 0.6588 0.5601 0.6916 0.5209 0.6172 0.5255 0.5974 0.5879 0.4450 
0.7081 0.5043 0.4907 0.4924 0.7101 0.7086 0.5609 0.4978 0.7029 0.5536 0.5007 0.4548 0.6305 0.6121 0.4957 0.6404 0.6912 0.4479 0.5787 0.5318 0.4846 0.6450 0.5475 0.6714 0.5068 0.6025 0.5080 0.5724 0.5764 0.4508 
avg train acc: 0.5843 avg test acc: 0.5693 min train acc: 0.4450(29) min test acc: 0.4479(17)
Attack result:(0.471, 0.47901591895803186, 0.662) (331, 360, 140, 169)
iter 800:
0.7240 0.5051 0.4968 0.4826 0.7641 0.7480 0.5669 0.5041 0.7709 0.5738 0.5227 0.4379 0.6436 0.6454 0.5070 0.6572 0.7200 0.4643 0.5989 0.5376 0.4888 0.6548 0.5510 0.7055 0.5286 0.6056 0.5223 0.5933 0.5911 0.4534 
0.7035 0.5094 0.4984 0.4912 0.7066 0.7003 0.5582 0.5020 0.6970 0.5547 0.5110 0.4517 0.6284 0.6206 0.5036 0.6386 0.6926 0.4555 0.5793 0.5405 0.4902 0.6339 0.5494 0.6804 0.5164 0.5884 0.5138 0.5855 0.5893 0.4484 
avg train acc: 0.5855 avg test acc: 0.5713 min train acc: 0.4379(11) min test acc: 0.4484(29)
Attack result:(0.478, 0.4843304843304843, 0.68) (340, 362, 138, 160)
***** Best Attack Result ********
{
    "iter": 75,
    "attack_metric": [
        0.5,
        0.5,
        0.432
    ],
    "pred_distribution": [
        216,
        216,
        284,
        284
    ]
}
