************* DL Setting *************
   Seed = 3407
   Setting = s6
   Graph = regular30_15
   Number of Attacker = 1
   Sample per user/ Num of Cover = 4166
   Num of member/non-member = 300
   Normal User Batch size = 128
   Attacker Batch size = 256
   Attack = norm
   Defense = median
   data distribution = iid
   Init LR = 0.01
   LR Decay = [800]
   Max Iter = 800
   Normal Train Iter = 200
**************************************
iter 25:
0.2398 0.2113 0.1833 0.2238 0.2090 0.2205 0.2123 0.2239 0.2030 0.2052 0.2239 0.1989 0.2082 0.2191 0.2061 0.2105 0.1946 0.2121 0.2179 0.2103 0.2074 0.2159 0.2159 0.2023 0.2202 0.2324 0.2164 0.2076 0.2278 0.2155 
0.2249 0.2110 0.1822 0.2120 0.2020 0.2014 0.2132 0.2131 0.1972 0.2077 0.2097 0.2040 0.1961 0.2132 0.1971 0.2063 0.1988 0.2152 0.2140 0.2020 0.2003 0.2210 0.2093 0.1943 0.2135 0.2247 0.2038 0.1908 0.2219 0.2112 
avg train acc: 0.2132 avg test acc: 0.2071 min train acc: 0.1833(2) min test acc: 0.1822(2)
Attack result:(0.51, 0.5277777777777778, 0.19) (57, 51, 249, 243)
iter 50:
0.3596 0.1879 0.1913 0.1695 0.3853 0.3608 0.3079 0.1639 0.3867 0.2884 0.2104 0.1350 0.2888 0.2608 0.1945 0.2855 0.2980 0.1617 0.3209 0.2793 0.1867 0.3415 0.1899 0.3587 0.1669 0.2031 0.2011 0.2097 0.2416 0.1258 
0.3551 0.1885 0.1897 0.1693 0.3690 0.3486 0.2988 0.1559 0.3587 0.2792 0.2054 0.1321 0.2836 0.2480 0.1892 0.2969 0.3036 0.1627 0.3168 0.2844 0.1900 0.3370 0.1818 0.3658 0.1599 0.1973 0.1906 0.2016 0.2463 0.1289 
avg train acc: 0.2487 avg test acc: 0.2445 min train acc: 0.1258(29) min test acc: 0.1289(29)
Attack result:(0.5, 0.5, 0.35) (105, 105, 195, 195)
iter 75:
0.4504 0.2531 0.2596 0.2475 0.4474 0.4291 0.3503 0.2340 0.4637 0.3738 0.2737 0.1899 0.3447 0.3795 0.2558 0.3634 0.3600 0.2223 0.3796 0.3152 0.2678 0.3925 0.2831 0.4029 0.2352 0.2724 0.2692 0.3204 0.3419 0.1875 
0.4392 0.2511 0.2568 0.2489 0.4362 0.4219 0.3371 0.2307 0.4385 0.3523 0.2669 0.1945 0.3401 0.3677 0.2521 0.3638 0.3554 0.2254 0.3640 0.3170 0.2646 0.3843 0.2731 0.3958 0.2336 0.2734 0.2634 0.3042 0.3417 0.1941 
avg train acc: 0.3189 avg test acc: 0.3129 min train acc: 0.1875(29) min test acc: 0.1941(29)
Attack result:(0.5116666666666667, 0.5133079847908745, 0.45) (135, 128, 172, 165)
iter 100:
0.4945 0.3284 0.2907 0.3137 0.4747 0.4370 0.4164 0.2572 0.5168 0.4455 0.3160 0.2127 0.3803 0.4001 0.3068 0.3756 0.3324 0.2875 0.3862 0.3296 0.2768 0.4448 0.3007 0.4239 0.2439 0.2802 0.2937 0.3591 0.3790 0.2214 
0.4846 0.3248 0.2775 0.3165 0.4598 0.4358 0.4060 0.2608 0.4812 0.4205 0.3088 0.2140 0.3659 0.3936 0.3032 0.3854 0.3414 0.2854 0.3721 0.3279 0.2828 0.4396 0.2965 0.4196 0.2427 0.2816 0.2873 0.3483 0.3769 0.2232 
avg train acc: 0.3509 avg test acc: 0.3455 min train acc: 0.2127(11) min test acc: 0.2140(11)
Attack result:(0.48833333333333334, 0.48788927335640137, 0.47) (141, 148, 152, 159)
iter 125:
0.5139 0.3425 0.3370 0.3416 0.5119 0.4822 0.4426 0.3308 0.5415 0.4758 0.3513 0.2780 0.4021 0.4512 0.3404 0.4223 0.3879 0.3239 0.4384 0.3786 0.3207 0.4707 0.3546 0.4583 0.3017 0.3549 0.3275 0.4118 0.4256 0.2707 
0.5136 0.3521 0.3268 0.3479 0.4974 0.4713 0.4332 0.3278 0.5102 0.4496 0.3416 0.2734 0.3947 0.4469 0.3384 0.4188 0.4020 0.3219 0.4225 0.3717 0.3223 0.4570 0.3426 0.4581 0.3030 0.3507 0.3235 0.3924 0.4270 0.2798 
avg train acc: 0.3930 avg test acc: 0.3873 min train acc: 0.2707(29) min test acc: 0.2734(11)
Attack result:(0.49666666666666665, 0.49666666666666665, 0.49666666666666665) (149, 151, 149, 151)
iter 150:
0.5610 0.3837 0.3882 0.3673 0.5308 0.5374 0.4369 0.3694 0.5738 0.4751 0.4072 0.3514 0.4697 0.5177 0.4134 0.4736 0.4863 0.3554 0.4776 0.4130 0.3621 0.4836 0.3989 0.4337 0.3838 0.4675 0.3894 0.4465 0.4659 0.3389 
0.5402 0.3797 0.3792 0.3749 0.5182 0.5251 0.4310 0.3697 0.5342 0.4527 0.3908 0.3555 0.4585 0.5021 0.4003 0.4753 0.4871 0.3397 0.4690 0.4085 0.3664 0.4709 0.3942 0.4450 0.3783 0.4702 0.3776 0.4303 0.4713 0.3427 
avg train acc: 0.4386 avg test acc: 0.4313 min train acc: 0.3389(29) min test acc: 0.3397(17)
Attack result:(0.49833333333333335, 0.49843260188087773, 0.53) (159, 160, 140, 141)
iter 175:
0.5775 0.3837 0.4016 0.3542 0.5036 0.5716 0.4271 0.3254 0.5928 0.4190 0.3982 0.3799 0.4403 0.5552 0.4579 0.5062 0.5410 0.3070 0.5143 0.3658 0.3316 0.4551 0.3634 0.4035 0.3899 0.5412 0.4052 0.4400 0.4632 0.3083 
0.5609 0.3838 0.4069 0.3649 0.4966 0.5617 0.4157 0.3245 0.5622 0.4005 0.3911 0.3742 0.4385 0.5379 0.4411 0.5065 0.5399 0.2990 0.5129 0.3690 0.3368 0.4459 0.3584 0.4151 0.3862 0.5439 0.3924 0.4272 0.4712 0.3165 
avg train acc: 0.4375 avg test acc: 0.4327 min train acc: 0.3070(17) min test acc: 0.2990(17)
Attack result:(0.48833333333333334, 0.4892966360856269, 0.5333333333333333) (160, 167, 133, 140)
iter 200:
0.6060 0.3822 0.4123 0.3319 0.5890 0.6002 0.4873 0.3364 0.6033 0.4624 0.4131 0.3386 0.5253 0.5443 0.4459 0.5583 0.5892 0.2786 0.5187 0.3401 0.3203 0.5413 0.4137 0.4630 0.3729 0.5682 0.4298 0.4310 0.4427 0.2985 
0.5841 0.3860 0.4161 0.3403 0.5755 0.5778 0.4812 0.3379 0.5749 0.4453 0.4062 0.3429 0.5093 0.5392 0.4412 0.5488 0.5791 0.2793 0.5137 0.3390 0.3331 0.5271 0.4113 0.4735 0.3659 0.5648 0.4203 0.4323 0.4552 0.3007 
avg train acc: 0.4548 avg test acc: 0.4501 min train acc: 0.2786(17) min test acc: 0.2793(17)
Attack result:(0.47833333333333333, 0.4811594202898551, 0.5533333333333333) (166, 179, 121, 134)
iter 225:
0.6149 0.3722 0.4192 0.3654 0.6121 0.6162 0.4904 0.4154 0.6369 0.4716 0.4297 0.3505 0.5475 0.5827 0.4371 0.5529 0.6140 0.3067 0.4996 0.4177 0.3743 0.5569 0.4568 0.5815 0.4588 0.5711 0.4224 0.5527 0.5118 0.3532 
0.6016 0.3816 0.4256 0.3772 0.5954 0.5963 0.4789 0.4159 0.5948 0.4572 0.4252 0.3597 0.5340 0.5679 0.4347 0.5542 0.5993 0.3155 0.4899 0.4218 0.3845 0.5441 0.4676 0.5783 0.4583 0.5726 0.4204 0.5399 0.5097 0.3490 
avg train acc: 0.4864 avg test acc: 0.4817 min train acc: 0.3067(17) min test acc: 0.3155(17)
Attack result:(0.5033333333333333, 0.5027777777777778, 0.6033333333333334) (181, 179, 121, 119)
iter 250:
0.6330 0.3987 0.4326 0.3770 0.6360 0.6284 0.5034 0.4275 0.6547 0.4936 0.4513 0.3739 0.5516 0.5996 0.4395 0.5571 0.6244 0.3480 0.5242 0.4825 0.4054 0.5578 0.4658 0.5955 0.4828 0.5773 0.4334 0.5698 0.5486 0.3667 
0.6181 0.4043 0.4426 0.3896 0.6138 0.6119 0.4837 0.4267 0.6125 0.4761 0.4446 0.3796 0.5427 0.5902 0.4381 0.5505 0.6055 0.3482 0.5147 0.4850 0.4197 0.5433 0.4712 0.6012 0.4798 0.5806 0.4321 0.5690 0.5486 0.3645 
avg train acc: 0.5047 avg test acc: 0.4996 min train acc: 0.3480(17) min test acc: 0.3482(17)
Attack result:(0.49, 0.49171270718232046, 0.5933333333333334) (178, 184, 116, 122)
iter 275:
0.6414 0.4121 0.4222 0.3962 0.6469 0.6331 0.5097 0.4569 0.6631 0.5017 0.4350 0.3765 0.5400 0.5870 0.4298 0.5447 0.6268 0.3720 0.5241 0.4819 0.4020 0.5708 0.4931 0.6177 0.4850 0.5753 0.4300 0.5832 0.5343 0.3837 
0.6251 0.4191 0.4333 0.4043 0.6148 0.6122 0.4918 0.4540 0.6203 0.4795 0.4332 0.3890 0.5308 0.5790 0.4221 0.5415 0.6100 0.3690 0.5179 0.4906 0.4148 0.5561 0.4996 0.6098 0.4852 0.5742 0.4308 0.5653 0.5363 0.3812 
avg train acc: 0.5092 avg test acc: 0.5030 min train acc: 0.3720(17) min test acc: 0.3690(17)
Attack result:(0.4866666666666667, 0.489010989010989, 0.5933333333333334) (178, 186, 114, 122)
iter 300:
0.6513 0.4283 0.4127 0.3887 0.6645 0.6449 0.4981 0.4270 0.6644 0.4975 0.4274 0.3822 0.5508 0.5699 0.4132 0.5571 0.6256 0.3717 0.5187 0.4770 0.3898 0.5840 0.4897 0.6149 0.4687 0.5526 0.4279 0.5573 0.5051 0.3745 
0.6327 0.4237 0.4227 0.3999 0.6295 0.6247 0.4865 0.4362 0.6222 0.4808 0.4284 0.3885 0.5405 0.5635 0.4111 0.5481 0.6098 0.3748 0.5129 0.4830 0.4026 0.5621 0.4876 0.6151 0.4594 0.5479 0.4192 0.5455 0.5168 0.3741 
avg train acc: 0.5045 avg test acc: 0.4983 min train acc: 0.3717(17) min test acc: 0.3741(29)
Attack result:(0.48333333333333334, 0.48633879781420764, 0.5933333333333334) (178, 188, 112, 122)
iter 325:
0.6637 0.4158 0.4076 0.3974 0.6710 0.6527 0.5099 0.4102 0.6753 0.5201 0.4199 0.3722 0.5699 0.5519 0.4082 0.5729 0.6404 0.3717 0.5281 0.4926 0.3956 0.5927 0.4694 0.6131 0.4385 0.5418 0.4261 0.5274 0.5041 0.3651 
0.6421 0.4207 0.4160 0.4097 0.6356 0.6375 0.4987 0.4123 0.6329 0.4979 0.4214 0.3783 0.5632 0.5415 0.4018 0.5692 0.6227 0.3753 0.5238 0.4973 0.4053 0.5840 0.4660 0.6075 0.4305 0.5285 0.4180 0.5090 0.5043 0.3707 
avg train acc: 0.5042 avg test acc: 0.4974 min train acc: 0.3651(29) min test acc: 0.3707(29)
Attack result:(0.4866666666666667, 0.489247311827957, 0.6066666666666667) (182, 190, 110, 118)
iter 350:
0.6686 0.4380 0.4384 0.4219 0.6889 0.6488 0.5135 0.4310 0.6976 0.5343 0.4530 0.3938 0.5644 0.5711 0.4339 0.5628 0.6393 0.4020 0.5510 0.5148 0.4281 0.5773 0.4757 0.6213 0.4541 0.5285 0.4577 0.5339 0.5144 0.3906 
0.6480 0.4438 0.4435 0.4303 0.6461 0.6372 0.5039 0.4383 0.6410 0.5115 0.4561 0.3973 0.5551 0.5560 0.4320 0.5581 0.6219 0.3995 0.5387 0.5114 0.4347 0.5604 0.4751 0.6232 0.4507 0.5214 0.4498 0.5242 0.5220 0.3937 
avg train acc: 0.5183 avg test acc: 0.5108 min train acc: 0.3906(29) min test acc: 0.3937(29)
Attack result:(0.48333333333333334, 0.4869109947643979, 0.62) (186, 196, 104, 114)
iter 375:
0.6663 0.4478 0.4422 0.4230 0.6762 0.6569 0.4989 0.4304 0.7100 0.5201 0.4608 0.3735 0.5610 0.5697 0.4347 0.5581 0.6103 0.4084 0.5309 0.4903 0.4377 0.5760 0.4797 0.6219 0.4403 0.5047 0.4628 0.5334 0.5253 0.3834 
0.6496 0.4508 0.4427 0.4333 0.6345 0.6337 0.4885 0.4337 0.6441 0.5005 0.4603 0.3839 0.5486 0.5585 0.4299 0.5525 0.6013 0.4052 0.5233 0.4906 0.4366 0.5633 0.4796 0.6186 0.4401 0.4940 0.4554 0.5217 0.5202 0.3875 
avg train acc: 0.5145 avg test acc: 0.5061 min train acc: 0.3735(11) min test acc: 0.3839(11)
Attack result:(0.48, 0.48412698412698413, 0.61) (183, 195, 105, 117)
iter 400:
0.6765 0.4766 0.4314 0.4411 0.6653 0.6583 0.4839 0.4271 0.7000 0.5286 0.4556 0.3834 0.5585 0.6018 0.4377 0.5577 0.5900 0.4280 0.5231 0.4693 0.4226 0.5974 0.4812 0.5995 0.4458 0.5107 0.4614 0.5133 0.5260 0.3985 
0.6567 0.4780 0.4401 0.4497 0.6345 0.6377 0.4807 0.4299 0.6465 0.4998 0.4596 0.3979 0.5465 0.5856 0.4338 0.5520 0.5769 0.4278 0.5152 0.4750 0.4323 0.5732 0.4738 0.5961 0.4381 0.5009 0.4520 0.5073 0.5371 0.3945 
avg train acc: 0.5150 avg test acc: 0.5076 min train acc: 0.3834(11) min test acc: 0.3945(29)
Attack result:(0.4766666666666667, 0.4823232323232323, 0.6366666666666667) (191, 205, 95, 109)
iter 410:
0.6864 0.4797 0.4469 0.4400 0.6872 0.6523 0.5184 0.4221 0.7130 0.5357 0.4658 0.3713 0.5719 0.5912 0.4545 0.5741 0.5941 0.4230 0.5423 0.5002 0.4441 0.5970 0.4757 0.6048 0.4288 0.4981 0.4752 0.5187 0.5363 0.3944 
0.6582 0.4821 0.4517 0.4536 0.6483 0.6312 0.5041 0.4262 0.6485 0.5196 0.4696 0.3817 0.5588 0.5777 0.4453 0.5637 0.5898 0.4270 0.5315 0.4993 0.4533 0.5801 0.4740 0.5979 0.4298 0.4911 0.4654 0.5106 0.5402 0.3903 
avg train acc: 0.5214 avg test acc: 0.5133 min train acc: 0.3713(11) min test acc: 0.3817(11)
Attack result:(0.4766666666666667, 0.48214285714285715, 0.63) (189, 203, 97, 111)
iter 420:
0.6765 0.4740 0.4542 0.4467 0.6848 0.6661 0.5340 0.4282 0.7159 0.5518 0.4917 0.3802 0.5754 0.5818 0.4638 0.5758 0.5894 0.4244 0.5410 0.4939 0.4498 0.6077 0.4784 0.6115 0.4252 0.5208 0.4787 0.5286 0.5417 0.4076 
0.6599 0.4723 0.4582 0.4572 0.6506 0.6491 0.5142 0.4327 0.6578 0.5302 0.4793 0.3944 0.5639 0.5706 0.4571 0.5665 0.5812 0.4252 0.5317 0.5002 0.4572 0.5917 0.4769 0.6072 0.4283 0.5094 0.4738 0.5182 0.5390 0.4025 
avg train acc: 0.5266 avg test acc: 0.5186 min train acc: 0.3802(11) min test acc: 0.3944(11)
Attack result:(0.48833333333333334, 0.4911392405063291, 0.6466666666666666) (194, 201, 99, 106)
iter 430:
0.6828 0.4813 0.4607 0.4444 0.6627 0.6804 0.5361 0.4169 0.7153 0.5580 0.4903 0.3884 0.6027 0.5810 0.4774 0.6071 0.6111 0.4195 0.5479 0.5009 0.4513 0.6109 0.4621 0.5939 0.4354 0.4847 0.4868 0.4992 0.5344 0.3949 
0.6562 0.4854 0.4667 0.4471 0.6373 0.6571 0.5240 0.4198 0.6522 0.5374 0.4855 0.3960 0.5899 0.5623 0.4658 0.5980 0.6121 0.4296 0.5437 0.5046 0.4572 0.5955 0.4633 0.5859 0.4298 0.4829 0.4786 0.4951 0.5359 0.3917 
avg train acc: 0.5273 avg test acc: 0.5196 min train acc: 0.3884(11) min test acc: 0.3917(29)
Attack result:(0.48333333333333334, 0.4875, 0.65) (195, 205, 95, 105)
iter 440:
0.6854 0.4757 0.4777 0.4573 0.6797 0.6759 0.5404 0.4414 0.7257 0.5545 0.5021 0.3851 0.5917 0.5763 0.4847 0.5918 0.6213 0.4300 0.5636 0.5112 0.4700 0.6053 0.4815 0.6178 0.4536 0.5145 0.4981 0.5276 0.5520 0.4070 
0.6591 0.4819 0.4808 0.4645 0.6464 0.6534 0.5245 0.4422 0.6605 0.5358 0.5000 0.3959 0.5746 0.5635 0.4774 0.5838 0.6108 0.4306 0.5532 0.5133 0.4757 0.5859 0.4843 0.6087 0.4478 0.5046 0.4945 0.5211 0.5502 0.4027 
avg train acc: 0.5366 avg test acc: 0.5276 min train acc: 0.3851(11) min test acc: 0.3959(11)
Attack result:(0.48, 0.4845360824742268, 0.6266666666666667) (188, 200, 100, 112)
iter 450:
0.6791 0.4964 0.4781 0.4724 0.6897 0.6704 0.5496 0.4632 0.7193 0.5582 0.5074 0.4149 0.5892 0.5962 0.4992 0.6076 0.6297 0.4448 0.5653 0.5174 0.4735 0.6010 0.5004 0.6214 0.4646 0.5485 0.5046 0.5249 0.5544 0.4273 
0.6593 0.4961 0.4856 0.4761 0.6560 0.6546 0.5343 0.4612 0.6593 0.5380 0.4983 0.4215 0.5771 0.5831 0.4885 0.5918 0.6210 0.4440 0.5623 0.5183 0.4718 0.5823 0.4985 0.6129 0.4664 0.5396 0.4994 0.5218 0.5559 0.4261 
avg train acc: 0.5456 avg test acc: 0.5367 min train acc: 0.4149(11) min test acc: 0.4215(11)
Attack result:(0.485, 0.48854961832061067, 0.64) (192, 201, 99, 108)
iter 460:
0.6942 0.5103 0.4809 0.4826 0.6784 0.6788 0.5470 0.4780 0.7215 0.5619 0.5035 0.4431 0.5891 0.6176 0.5038 0.6036 0.6276 0.4583 0.5711 0.5074 0.4730 0.6043 0.5144 0.6198 0.4933 0.5670 0.5112 0.5604 0.5774 0.4454 
0.6704 0.5067 0.4878 0.4904 0.6533 0.6599 0.5340 0.4773 0.6596 0.5449 0.5017 0.4495 0.5823 0.6015 0.4979 0.5956 0.6273 0.4624 0.5655 0.5156 0.4752 0.5864 0.5140 0.6104 0.4822 0.5556 0.4974 0.5476 0.5763 0.4450 
avg train acc: 0.5542 avg test acc: 0.5458 min train acc: 0.4431(11) min test acc: 0.4450(29)
Attack result:(0.47833333333333333, 0.4835443037974684, 0.6366666666666667) (191, 204, 96, 109)
iter 470:
0.6859 0.5240 0.5058 0.5067 0.6891 0.6791 0.5593 0.5015 0.7238 0.5685 0.5169 0.4640 0.5909 0.6345 0.5084 0.6083 0.6450 0.4793 0.5710 0.5105 0.4716 0.6083 0.5376 0.6194 0.5068 0.5924 0.5125 0.5705 0.5963 0.4685 
0.6700 0.5332 0.5006 0.5162 0.6639 0.6519 0.5426 0.4961 0.6649 0.5472 0.5154 0.4694 0.5863 0.6204 0.5055 0.5999 0.6313 0.4796 0.5672 0.5160 0.4793 0.5940 0.5333 0.6087 0.5028 0.5824 0.5074 0.5679 0.5919 0.4655 
avg train acc: 0.5652 avg test acc: 0.5570 min train acc: 0.4640(11) min test acc: 0.4655(29)
Attack result:(0.48833333333333334, 0.4910941475826972, 0.6433333333333333) (193, 200, 100, 107)
iter 480:
0.6992 0.5228 0.5141 0.4999 0.6991 0.6957 0.5673 0.4987 0.7409 0.5749 0.5348 0.4658 0.6125 0.6269 0.5369 0.6218 0.6511 0.4632 0.5818 0.5248 0.4936 0.6099 0.5291 0.6138 0.5096 0.5970 0.5358 0.5694 0.5864 0.4648 
0.6726 0.5209 0.5196 0.5009 0.6683 0.6736 0.5510 0.4946 0.6713 0.5556 0.5297 0.4718 0.5971 0.6153 0.5309 0.6150 0.6480 0.4608 0.5813 0.5280 0.4938 0.5960 0.5247 0.6116 0.4992 0.5880 0.5248 0.5592 0.5808 0.4624 
avg train acc: 0.5714 avg test acc: 0.5616 min train acc: 0.4632(17) min test acc: 0.4608(17)
Attack result:(0.48333333333333334, 0.48756218905472637, 0.6533333333333333) (196, 206, 94, 104)
iter 490:
0.6982 0.5169 0.5205 0.5088 0.6905 0.6964 0.5652 0.4946 0.7317 0.5711 0.5405 0.4737 0.6080 0.6303 0.5397 0.6384 0.6650 0.4608 0.5920 0.5068 0.4783 0.6254 0.5408 0.6204 0.5085 0.6159 0.5394 0.5740 0.5765 0.4662 
0.6760 0.5188 0.5207 0.5195 0.6598 0.6700 0.5509 0.4903 0.6681 0.5490 0.5302 0.4785 0.6012 0.6130 0.5341 0.6217 0.6567 0.4644 0.5832 0.5111 0.4857 0.6122 0.5370 0.6066 0.4960 0.6008 0.5257 0.5655 0.5792 0.4673 
avg train acc: 0.5732 avg test acc: 0.5631 min train acc: 0.4608(17) min test acc: 0.4644(17)
Attack result:(0.47833333333333333, 0.48370927318295737, 0.6433333333333333) (193, 206, 94, 107)
iter 500:
0.7026 0.5266 0.5024 0.5055 0.6919 0.6974 0.5491 0.5081 0.7393 0.5569 0.5236 0.4808 0.5979 0.6573 0.5198 0.6135 0.6592 0.4670 0.5776 0.4934 0.4624 0.6116 0.5475 0.6004 0.5275 0.6226 0.5216 0.5765 0.5873 0.4674 
0.6785 0.5321 0.5055 0.5147 0.6633 0.6700 0.5338 0.5014 0.6746 0.5341 0.5162 0.4869 0.5854 0.6394 0.5182 0.6037 0.6478 0.4689 0.5676 0.4938 0.4684 0.6000 0.5424 0.5974 0.5109 0.6171 0.5091 0.5762 0.5890 0.4711 
avg train acc: 0.5698 avg test acc: 0.5606 min train acc: 0.4624(20) min test acc: 0.4684(20)
Attack result:(0.49, 0.49257425742574257, 0.6633333333333333) (199, 205, 95, 101)
iter 525:
0.7072 0.4881 0.4729 0.4640 0.7121 0.7111 0.5244 0.4810 0.7477 0.5355 0.4952 0.4524 0.5996 0.6390 0.4956 0.6218 0.6715 0.4287 0.5530 0.4922 0.4528 0.6003 0.5192 0.6300 0.5000 0.6137 0.5071 0.5654 0.5630 0.4385 
0.6842 0.4823 0.4733 0.4713 0.6823 0.6792 0.5061 0.4743 0.6774 0.5074 0.4906 0.4470 0.5889 0.6147 0.4865 0.6075 0.6617 0.4285 0.5451 0.4928 0.4610 0.5870 0.5223 0.6194 0.4906 0.6011 0.4918 0.5497 0.5612 0.4346 
avg train acc: 0.5561 avg test acc: 0.5440 min train acc: 0.4287(17) min test acc: 0.4285(17)
Attack result:(0.485, 0.48883374689826303, 0.6566666666666666) (197, 206, 94, 103)
iter 550:
0.7018 0.4876 0.4912 0.4687 0.7271 0.7124 0.5652 0.4898 0.7464 0.5771 0.5044 0.4342 0.6074 0.6307 0.4936 0.6191 0.6744 0.4422 0.5833 0.5538 0.4770 0.6314 0.5508 0.6713 0.5128 0.6016 0.5108 0.5959 0.5747 0.4393 
0.6832 0.4843 0.4913 0.4765 0.6868 0.6786 0.5526 0.4920 0.6821 0.5533 0.5018 0.4412 0.5932 0.6136 0.4892 0.6005 0.6559 0.4354 0.5719 0.5459 0.4842 0.6155 0.5410 0.6620 0.5023 0.5889 0.5003 0.5849 0.5688 0.4386 
avg train acc: 0.5692 avg test acc: 0.5572 min train acc: 0.4342(11) min test acc: 0.4354(17)
Attack result:(0.4866666666666667, 0.49029126213592233, 0.6733333333333333) (202, 210, 90, 98)
iter 575:
0.7158 0.5312 0.5107 0.5110 0.7251 0.7108 0.5853 0.5148 0.7658 0.6011 0.5196 0.4668 0.6277 0.6387 0.4963 0.6258 0.6744 0.4830 0.6013 0.5768 0.4945 0.6711 0.5559 0.6799 0.5243 0.5886 0.5173 0.5995 0.5848 0.4795 
0.6895 0.5280 0.5046 0.5147 0.6885 0.6797 0.5730 0.5079 0.6852 0.5797 0.5144 0.4699 0.6161 0.6173 0.4926 0.6188 0.6660 0.4834 0.5882 0.5710 0.4995 0.6512 0.5530 0.6663 0.5186 0.5777 0.5077 0.5927 0.5835 0.4689 
avg train acc: 0.5859 avg test acc: 0.5736 min train acc: 0.4668(11) min test acc: 0.4689(29)
Attack result:(0.49333333333333335, 0.49528301886792453, 0.7) (210, 214, 86, 90)
iter 600:
0.7139 0.5414 0.5097 0.5136 0.7364 0.7098 0.5975 0.5152 0.7612 0.6090 0.5148 0.4748 0.6397 0.6295 0.4992 0.6377 0.6723 0.4999 0.6066 0.5858 0.4952 0.6661 0.5495 0.6971 0.5248 0.5824 0.5224 0.5984 0.5978 0.4764 
0.6895 0.5392 0.5081 0.5139 0.6934 0.6807 0.5848 0.5094 0.6908 0.5894 0.5185 0.4775 0.6243 0.6232 0.4974 0.6285 0.6634 0.5000 0.5997 0.5859 0.5029 0.6479 0.5491 0.6760 0.5184 0.5705 0.5083 0.5958 0.5966 0.4715 
avg train acc: 0.5893 avg test acc: 0.5785 min train acc: 0.4748(11) min test acc: 0.4715(29)
Attack result:(0.47833333333333333, 0.4845605700712589, 0.68) (204, 217, 83, 96)
iter 625:
0.7214 0.5351 0.4595 0.4939 0.7483 0.7164 0.5704 0.5273 0.7592 0.5882 0.4696 0.4727 0.6234 0.6384 0.4583 0.6283 0.7002 0.4944 0.6011 0.5937 0.4567 0.6543 0.5545 0.7223 0.5354 0.5941 0.4799 0.6167 0.5991 0.4744 
0.7000 0.5367 0.4649 0.5067 0.7019 0.6900 0.5617 0.5166 0.6854 0.5718 0.4705 0.4777 0.6148 0.6212 0.4512 0.6175 0.6857 0.4942 0.5930 0.5861 0.4633 0.6335 0.5541 0.6968 0.5246 0.5882 0.4659 0.6035 0.6019 0.4673 
avg train acc: 0.5829 avg test acc: 0.5716 min train acc: 0.4567(20) min test acc: 0.4512(14)
Attack result:(0.485, 0.4892086330935252, 0.68) (204, 213, 87, 96)
iter 650:
0.7037 0.4786 0.4706 0.4593 0.7642 0.7218 0.6237 0.4714 0.7743 0.6268 0.4815 0.4183 0.6215 0.6148 0.4602 0.6262 0.6934 0.4503 0.6230 0.6115 0.4705 0.6874 0.5047 0.7375 0.4922 0.5704 0.4913 0.5971 0.5731 0.4347 
0.6909 0.4801 0.4819 0.4650 0.6969 0.6911 0.6015 0.4759 0.6959 0.6095 0.4847 0.4280 0.6074 0.5974 0.4580 0.6070 0.6743 0.4473 0.6093 0.6050 0.4798 0.6699 0.5018 0.6943 0.4800 0.5548 0.4807 0.5904 0.5783 0.4305 
avg train acc: 0.5751 avg test acc: 0.5623 min train acc: 0.4183(11) min test acc: 0.4280(11)
Attack result:(0.4816666666666667, 0.48687350835322196, 0.68) (204, 215, 85, 96)
iter 675:
0.7255 0.5102 0.4850 0.4675 0.7539 0.7272 0.6063 0.4984 0.7836 0.6191 0.4980 0.4415 0.6314 0.6259 0.4718 0.6274 0.7033 0.4559 0.6185 0.6107 0.4817 0.6801 0.5469 0.7278 0.5174 0.5916 0.4936 0.6118 0.5785 0.4536 
0.6988 0.5081 0.4921 0.4769 0.6962 0.6927 0.5897 0.4977 0.6931 0.6011 0.4991 0.4487 0.6178 0.6037 0.4684 0.6198 0.6878 0.4572 0.6097 0.5991 0.4844 0.6644 0.5420 0.6917 0.5112 0.5760 0.4880 0.5974 0.5766 0.4450 
avg train acc: 0.5848 avg test acc: 0.5711 min train acc: 0.4415(11) min test acc: 0.4450(29)
Attack result:(0.49833333333333335, 0.4988009592326139, 0.6933333333333334) (208, 209, 91, 92)
iter 700:
0.7212 0.5330 0.4905 0.4979 0.7718 0.7208 0.5935 0.5177 0.7755 0.6066 0.4989 0.4612 0.6357 0.6388 0.4750 0.6340 0.7097 0.4901 0.6220 0.5984 0.4752 0.6727 0.5616 0.7461 0.5422 0.5929 0.4946 0.6156 0.5980 0.4759 
0.7016 0.5386 0.4913 0.5059 0.7002 0.6887 0.5786 0.5169 0.6910 0.5880 0.4963 0.4750 0.6211 0.6218 0.4735 0.6249 0.6901 0.4935 0.6068 0.5946 0.4842 0.6528 0.5561 0.6979 0.5306 0.5805 0.4868 0.6118 0.6018 0.4734 
avg train acc: 0.5922 avg test acc: 0.5791 min train acc: 0.4612(11) min test acc: 0.4734(29)
Attack result:(0.4866666666666667, 0.4904306220095694, 0.6833333333333333) (205, 213, 87, 95)
iter 725:
0.7304 0.5417 0.4836 0.5036 0.7646 0.7345 0.6079 0.5217 0.7924 0.6100 0.4895 0.4826 0.6336 0.6489 0.4684 0.6384 0.7145 0.5023 0.6307 0.6169 0.4780 0.6736 0.5564 0.7428 0.5394 0.5988 0.4970 0.6206 0.6056 0.4872 
0.7069 0.5457 0.4857 0.5103 0.6983 0.7008 0.5904 0.5168 0.7029 0.5962 0.4881 0.4791 0.6250 0.6279 0.4663 0.6280 0.6946 0.5013 0.6200 0.6106 0.4821 0.6590 0.5529 0.7032 0.5293 0.5884 0.4840 0.6062 0.6016 0.4743 
avg train acc: 0.5972 avg test acc: 0.5825 min train acc: 0.4684(14) min test acc: 0.4663(14)
Attack result:(0.495, 0.49645390070921985, 0.7) (210, 213, 87, 90)
iter 750:
0.7245 0.5146 0.4865 0.4976 0.7895 0.7350 0.6276 0.4976 0.8026 0.6300 0.5033 0.4465 0.6384 0.6330 0.4775 0.6374 0.6987 0.4821 0.6244 0.6064 0.4890 0.6970 0.5354 0.7549 0.5129 0.5830 0.5078 0.6157 0.5950 0.4534 
0.7078 0.5157 0.4885 0.5003 0.7072 0.7008 0.6079 0.5012 0.7118 0.6113 0.4964 0.4536 0.6219 0.6138 0.4692 0.6232 0.6784 0.4808 0.6128 0.6048 0.4936 0.6784 0.5308 0.7077 0.5009 0.5672 0.4944 0.6028 0.5954 0.4547 
avg train acc: 0.5932 avg test acc: 0.5778 min train acc: 0.4465(11) min test acc: 0.4536(11)
Attack result:(0.5033333333333333, 0.5024154589371981, 0.6933333333333334) (208, 206, 94, 92)
iter 775:
0.7375 0.5375 0.4794 0.4972 0.7831 0.7368 0.6111 0.5115 0.7967 0.6207 0.4850 0.4575 0.6273 0.6379 0.4643 0.6277 0.7030 0.4889 0.6132 0.5985 0.4815 0.6864 0.5572 0.7480 0.5350 0.5880 0.4989 0.6139 0.6015 0.4694 
0.7133 0.5357 0.4785 0.5052 0.7097 0.6992 0.5933 0.5154 0.7061 0.5997 0.4832 0.4632 0.6126 0.6180 0.4593 0.6156 0.6845 0.4850 0.6045 0.5924 0.4826 0.6641 0.5590 0.7037 0.5226 0.5811 0.4868 0.6033 0.5946 0.4660 
avg train acc: 0.5932 avg test acc: 0.5779 min train acc: 0.4575(11) min test acc: 0.4593(14)
Attack result:(0.49333333333333335, 0.4954128440366973, 0.72) (216, 220, 80, 84)
iter 800:
0.7231 0.5303 0.4787 0.5041 0.7977 0.7326 0.6003 0.5135 0.7966 0.6099 0.4963 0.4545 0.6371 0.6363 0.4666 0.6385 0.7101 0.4867 0.6213 0.5898 0.4809 0.6697 0.5601 0.7651 0.5339 0.5829 0.5049 0.6078 0.5926 0.4686 
0.7087 0.5352 0.4820 0.5032 0.7124 0.6976 0.5855 0.5126 0.7026 0.5921 0.4913 0.4633 0.6211 0.6152 0.4638 0.6237 0.6939 0.4857 0.6050 0.5903 0.4829 0.6548 0.5540 0.7086 0.5190 0.5712 0.4880 0.6002 0.5945 0.4655 
avg train acc: 0.5930 avg test acc: 0.5775 min train acc: 0.4545(11) min test acc: 0.4633(11)
Attack result:(0.49166666666666664, 0.49403341288782815, 0.69) (207, 212, 88, 93)
***** Best Attack Result ********
{
    "iter": 75,
    "attack_metric": [
        0.5116666666666667,
        0.5133079847908745,
        0.45
    ],
    "pred_distribution": [
        135,
        128,
        172,
        165
    ]
}
