************* DL Setting *************
   Seed = 3407
   Setting = s6
   Graph = er30
   Number of Attacker = 1
   Sample per user/ Num of Cover = 4166
   Num of member/non-member = 300
   Normal User Batch size = 128
   Attacker Batch size = 256
   Attack = norm
   Defense = trim
   data distribution = iid
   Init LR = 0.01
   LR Decay = [800]
   Max Iter = 800
   Normal Train Iter = 200
**************************************
iter 25:
0.2636 0.2261 0.2729 0.2719 0.2468 0.2647 0.2711 0.2733 0.2677 0.2538 0.2663 0.2553 0.2643 0.2828 0.2864 0.2434 0.2708 0.2587 0.2462 0.2172 0.2527 0.2649 0.2451 0.2493 0.2144 0.2806 0.2889 0.2596 0.2798 0.2579 
0.2455 0.2346 0.2626 0.2607 0.2514 0.2555 0.2661 0.2575 0.2689 0.2479 0.2488 0.2644 0.2648 0.2721 0.2674 0.2413 0.2666 0.2499 0.2436 0.2155 0.2591 0.2631 0.2428 0.2429 0.2100 0.2726 0.2739 0.2424 0.2665 0.2515 
avg train acc: 0.2599 avg test acc: 0.2537 min train acc: 0.2144(24) min test acc: 0.2100(24)
Attack result:(0.49166666666666664, 0.4825174825174825, 0.23) (69, 74, 226, 231)
iter 50:
0.3129 0.3838 0.4154 0.2795 0.2584 0.4054 0.3848 0.4330 0.3672 0.2867 0.4032 0.3402 0.3949 0.4154 0.4092 0.3380 0.4008 0.4074 0.3360 0.2742 0.4161 0.3893 0.3097 0.4077 0.2614 0.3948 0.4082 0.3420 0.4154 0.4173 
0.3055 0.3891 0.4033 0.2841 0.2654 0.4023 0.3758 0.4170 0.3651 0.2842 0.3948 0.3404 0.4014 0.4024 0.3941 0.3431 0.4023 0.4019 0.3412 0.2734 0.4150 0.3848 0.3149 0.4096 0.2517 0.4020 0.4004 0.3321 0.4131 0.4089 
avg train acc: 0.3669 avg test acc: 0.3640 min train acc: 0.2584(4) min test acc: 0.2517(24)
Attack result:(0.5316666666666666, 0.5536723163841808, 0.32666666666666666) (98, 79, 221, 202)
iter 75:
0.4046 0.4654 0.5040 0.3872 0.3608 0.4761 0.4628 0.5037 0.4614 0.4015 0.4923 0.4310 0.4822 0.5019 0.4626 0.4138 0.4893 0.4733 0.4422 0.3179 0.4947 0.4466 0.4169 0.4945 0.3564 0.4831 0.5015 0.3952 0.4937 0.4886 
0.3938 0.4662 0.4890 0.3958 0.3678 0.4774 0.4656 0.4954 0.4632 0.3953 0.4785 0.4231 0.4861 0.4808 0.4572 0.4266 0.4840 0.4713 0.4403 0.3155 0.4911 0.4367 0.4097 0.4915 0.3434 0.4855 0.4878 0.3850 0.4882 0.4864 
avg train acc: 0.4502 avg test acc: 0.4459 min train acc: 0.3179(19) min test acc: 0.3155(19)
Attack result:(0.535, 0.5462555066079295, 0.41333333333333333) (124, 103, 197, 176)
iter 100:
0.4539 0.4862 0.5394 0.4276 0.4066 0.5031 0.5046 0.5415 0.5071 0.4465 0.5231 0.4779 0.5319 0.5434 0.5155 0.4852 0.5284 0.5054 0.4771 0.3160 0.5252 0.5026 0.4575 0.5253 0.3605 0.5075 0.5387 0.4607 0.5342 0.5390 
0.4464 0.4927 0.5281 0.4294 0.4165 0.5035 0.5027 0.5321 0.4919 0.4359 0.5113 0.4684 0.5318 0.5298 0.5068 0.4938 0.5296 0.4920 0.4784 0.3184 0.5319 0.4907 0.4565 0.5192 0.3574 0.5172 0.5259 0.4432 0.5348 0.5299 
avg train acc: 0.4891 avg test acc: 0.4849 min train acc: 0.3160(19) min test acc: 0.3184(19)
Attack result:(0.51, 0.5121951219512195, 0.42) (126, 120, 180, 174)
iter 125:
0.4913 0.5306 0.5735 0.4916 0.4533 0.5664 0.5412 0.5831 0.5401 0.4924 0.5569 0.5305 0.5704 0.5722 0.5501 0.5006 0.5820 0.5553 0.5305 0.3705 0.5693 0.5454 0.4879 0.5722 0.3807 0.5600 0.5905 0.5385 0.5695 0.5818 
0.4687 0.5314 0.5648 0.4827 0.4581 0.5515 0.5434 0.5736 0.5264 0.4784 0.5459 0.5200 0.5660 0.5643 0.5449 0.5120 0.5752 0.5446 0.5347 0.3743 0.5763 0.5418 0.4835 0.5575 0.3822 0.5614 0.5786 0.5171 0.5740 0.5768 
avg train acc: 0.5326 avg test acc: 0.5270 min train acc: 0.3705(19) min test acc: 0.3743(19)
Attack result:(0.495, 0.4944237918215613, 0.44333333333333336) (133, 136, 164, 167)
iter 150:
0.5268 0.5697 0.6033 0.5220 0.5039 0.5992 0.5777 0.6157 0.5574 0.5182 0.5984 0.5667 0.5937 0.5960 0.5484 0.5042 0.5998 0.6071 0.5718 0.4594 0.6040 0.5866 0.5198 0.5932 0.4416 0.5812 0.6106 0.5715 0.6006 0.6147 
0.4944 0.5681 0.5981 0.5182 0.5048 0.5864 0.5726 0.5984 0.5402 0.5132 0.5797 0.5626 0.5914 0.5843 0.5463 0.5163 0.5949 0.5881 0.5675 0.4603 0.6022 0.5835 0.5209 0.5885 0.4380 0.5874 0.6008 0.5573 0.5979 0.6045 
avg train acc: 0.5654 avg test acc: 0.5589 min train acc: 0.4416(24) min test acc: 0.4380(24)
Attack result:(0.5083333333333333, 0.5087719298245614, 0.48333333333333334) (145, 140, 160, 155)
iter 175:
0.5451 0.6249 0.6180 0.5593 0.5388 0.6010 0.6229 0.6212 0.5726 0.5867 0.6053 0.5937 0.6199 0.6296 0.5794 0.5460 0.6264 0.6122 0.5981 0.4847 0.6235 0.5955 0.5444 0.6154 0.4657 0.6107 0.6296 0.5756 0.6211 0.6344 
0.5145 0.6166 0.6077 0.5636 0.5453 0.5925 0.6161 0.6121 0.5596 0.5769 0.5879 0.5816 0.6128 0.6114 0.5736 0.5596 0.6159 0.5970 0.5971 0.4806 0.6189 0.5920 0.5461 0.6050 0.4637 0.6137 0.6175 0.5688 0.6190 0.6163 
avg train acc: 0.5901 avg test acc: 0.5828 min train acc: 0.4657(24) min test acc: 0.4637(24)
Attack result:(0.5016666666666667, 0.5017301038062284, 0.48333333333333334) (145, 144, 156, 155)
iter 200:
0.5602 0.6230 0.6440 0.5889 0.5859 0.6365 0.6343 0.6270 0.5695 0.6069 0.6288 0.5981 0.6474 0.6491 0.6095 0.5730 0.6454 0.6377 0.5928 0.5446 0.6361 0.6378 0.5834 0.6339 0.5163 0.6425 0.6392 0.6040 0.6441 0.6485 
0.5361 0.6200 0.6249 0.5925 0.5933 0.6284 0.6283 0.6211 0.5497 0.5940 0.6150 0.5825 0.6317 0.6345 0.5988 0.5856 0.6398 0.6249 0.5866 0.5555 0.6349 0.6194 0.5852 0.6165 0.5256 0.6361 0.6281 0.5958 0.6402 0.6345 
avg train acc: 0.6130 avg test acc: 0.6053 min train acc: 0.5163(24) min test acc: 0.5256(24)
Attack result:(0.49, 0.4901315789473684, 0.49666666666666665) (149, 155, 145, 151)
iter 225:
0.6170 0.6378 0.6438 0.6114 0.6164 0.6561 0.6502 0.6633 0.5963 0.6265 0.6536 0.6044 0.6586 0.6629 0.6274 0.5824 0.6654 0.6609 0.6228 0.5465 0.6624 0.6446 0.6059 0.6487 0.5583 0.6578 0.6696 0.6094 0.6612 0.6756 
0.5976 0.6334 0.6402 0.6173 0.6107 0.6486 0.6466 0.6444 0.5796 0.6171 0.6337 0.5948 0.6486 0.6408 0.6127 0.5933 0.6573 0.6474 0.6139 0.5441 0.6578 0.6353 0.6049 0.6374 0.5553 0.6518 0.6543 0.6017 0.6568 0.6585 
avg train acc: 0.6332 avg test acc: 0.6245 min train acc: 0.5465(19) min test acc: 0.5441(19)
Attack result:(0.4816666666666667, 0.4837758112094395, 0.5466666666666666) (164, 175, 125, 136)
iter 250:
0.6376 0.6528 0.6619 0.6318 0.6308 0.6659 0.6610 0.6757 0.6203 0.6456 0.6713 0.6502 0.6755 0.6728 0.6220 0.5991 0.6766 0.6696 0.6472 0.5369 0.6791 0.6501 0.6244 0.6636 0.5832 0.6564 0.6826 0.6177 0.6682 0.6783 
0.6132 0.6481 0.6605 0.6385 0.6302 0.6523 0.6562 0.6585 0.6021 0.6264 0.6495 0.6392 0.6639 0.6510 0.6118 0.6066 0.6650 0.6569 0.6345 0.5422 0.6673 0.6414 0.6216 0.6523 0.5779 0.6491 0.6693 0.6056 0.6651 0.6681 
avg train acc: 0.6469 avg test acc: 0.6375 min train acc: 0.5369(19) min test acc: 0.5422(19)
Attack result:(0.45, 0.4581005586592179, 0.5466666666666666) (164, 194, 106, 136)
iter 275:
0.6554 0.6674 0.6662 0.6473 0.6466 0.6746 0.6807 0.6848 0.6445 0.6672 0.6784 0.6629 0.6920 0.6874 0.6455 0.6279 0.6948 0.6799 0.6609 0.5533 0.6990 0.6681 0.6384 0.6684 0.6082 0.6543 0.6869 0.6450 0.6764 0.6985 
0.6390 0.6604 0.6637 0.6494 0.6413 0.6641 0.6745 0.6686 0.6280 0.6469 0.6593 0.6448 0.6738 0.6680 0.6369 0.6364 0.6810 0.6599 0.6501 0.5546 0.6792 0.6600 0.6379 0.6566 0.6014 0.6468 0.6760 0.6381 0.6741 0.6833 
avg train acc: 0.6620 avg test acc: 0.6518 min train acc: 0.5533(19) min test acc: 0.5546(19)
Attack result:(0.44666666666666666, 0.4583333333333333, 0.5866666666666667) (176, 208, 92, 124)
iter 300:
0.6637 0.6437 0.6822 0.6526 0.6624 0.7061 0.6866 0.6854 0.6541 0.6673 0.6988 0.6617 0.6911 0.7019 0.6540 0.6454 0.7022 0.6965 0.6613 0.6074 0.7062 0.6997 0.6593 0.6686 0.6512 0.6649 0.7047 0.6672 0.6834 0.7074 
0.6486 0.6445 0.6737 0.6521 0.6593 0.6845 0.6707 0.6744 0.6432 0.6489 0.6824 0.6516 0.6759 0.6800 0.6482 0.6500 0.6924 0.6741 0.6569 0.6027 0.6891 0.6800 0.6539 0.6614 0.6454 0.6575 0.6892 0.6650 0.6819 0.6891 
avg train acc: 0.6746 avg test acc: 0.6642 min train acc: 0.6074(19) min test acc: 0.6027(19)
Attack result:(0.44333333333333336, 0.453551912568306, 0.5533333333333333) (166, 200, 100, 134)
iter 325:
0.6772 0.6614 0.6790 0.6697 0.6801 0.7077 0.6994 0.6885 0.6753 0.6959 0.7026 0.6777 0.6818 0.7126 0.6819 0.6825 0.7205 0.7019 0.6836 0.6078 0.7164 0.7028 0.6634 0.6593 0.6599 0.6742 0.7180 0.6819 0.7118 0.7153 
0.6599 0.6574 0.6780 0.6709 0.6729 0.6876 0.6820 0.6728 0.6635 0.6787 0.6866 0.6618 0.6715 0.6914 0.6722 0.6867 0.7048 0.6752 0.6737 0.5997 0.7002 0.6917 0.6528 0.6542 0.6537 0.6587 0.7013 0.6754 0.7010 0.7037 
avg train acc: 0.6863 avg test acc: 0.6747 min train acc: 0.6078(19) min test acc: 0.5997(19)
Attack result:(0.45, 0.461734693877551, 0.6033333333333334) (181, 211, 89, 119)
iter 350:
0.6860 0.6640 0.7014 0.6850 0.6902 0.7001 0.7107 0.7106 0.7047 0.7110 0.7116 0.6930 0.7068 0.7196 0.6854 0.7108 0.7205 0.6884 0.6997 0.5756 0.7275 0.6996 0.6814 0.6943 0.6602 0.6645 0.7208 0.6789 0.7067 0.7267 
0.6685 0.6603 0.6934 0.6856 0.6850 0.6830 0.6946 0.6952 0.6856 0.6873 0.6987 0.6766 0.6931 0.6998 0.6723 0.7037 0.7098 0.6702 0.6864 0.5767 0.7084 0.6901 0.6685 0.6817 0.6517 0.6557 0.7069 0.6667 0.7064 0.7075 
avg train acc: 0.6945 avg test acc: 0.6823 min train acc: 0.5756(19) min test acc: 0.5767(19)
Attack result:(0.43333333333333335, 0.44871794871794873, 0.5833333333333334) (175, 215, 85, 125)
iter 375:
0.6971 0.6716 0.7097 0.6774 0.6758 0.7135 0.7091 0.7231 0.7202 0.6992 0.7293 0.6861 0.7170 0.7379 0.7052 0.7139 0.7417 0.7088 0.6929 0.5651 0.7371 0.7120 0.6872 0.7042 0.6672 0.6953 0.7264 0.6797 0.7244 0.7376 
0.6855 0.6667 0.7050 0.6774 0.6736 0.6957 0.6959 0.7029 0.7044 0.6778 0.7121 0.6753 0.7039 0.7156 0.6927 0.7122 0.7200 0.6793 0.6797 0.5625 0.7174 0.7011 0.6814 0.6943 0.6557 0.6781 0.7127 0.6707 0.7145 0.7173 
avg train acc: 0.7022 avg test acc: 0.6894 min train acc: 0.5651(19) min test acc: 0.5625(19)
Attack result:(0.445, 0.4606205250596659, 0.6433333333333333) (193, 226, 74, 107)
iter 400:
0.7071 0.6870 0.7262 0.6659 0.6913 0.7340 0.7153 0.7340 0.7355 0.6998 0.7411 0.6856 0.7351 0.7505 0.7250 0.7224 0.7414 0.7220 0.7031 0.5889 0.7426 0.7256 0.7065 0.7319 0.6687 0.7070 0.7417 0.6882 0.7282 0.7485 
0.6891 0.6740 0.7214 0.6670 0.6814 0.7069 0.7021 0.7185 0.7170 0.6768 0.7221 0.6754 0.7171 0.7232 0.7084 0.7149 0.7274 0.6992 0.6881 0.5863 0.7261 0.7062 0.6884 0.7153 0.6555 0.6990 0.7234 0.6868 0.7211 0.7237 
avg train acc: 0.7133 avg test acc: 0.6987 min train acc: 0.5889(19) min test acc: 0.5863(19)
Attack result:(0.44666666666666666, 0.4587628865979381, 0.5933333333333334) (178, 210, 90, 122)
iter 410:
0.7061 0.6937 0.7216 0.6822 0.6825 0.7405 0.7142 0.7404 0.7372 0.7017 0.7270 0.6980 0.7335 0.7504 0.7272 0.7276 0.7421 0.7294 0.7015 0.5858 0.7457 0.7117 0.6940 0.7250 0.6650 0.7385 0.7454 0.6754 0.7362 0.7419 
0.6944 0.6799 0.7168 0.6825 0.6794 0.7148 0.7017 0.7191 0.7235 0.6827 0.7211 0.6847 0.7164 0.7271 0.7116 0.7152 0.7259 0.7029 0.6902 0.5791 0.7254 0.7037 0.6881 0.7142 0.6521 0.7163 0.7271 0.6798 0.7278 0.7241 
avg train acc: 0.7140 avg test acc: 0.7009 min train acc: 0.5858(19) min test acc: 0.5791(19)
Attack result:(0.4483333333333333, 0.46265060240963857, 0.64) (192, 223, 77, 108)
iter 420:
0.7096 0.7082 0.7299 0.6982 0.6987 0.7367 0.7289 0.7475 0.7438 0.7085 0.7453 0.6921 0.7457 0.7556 0.7290 0.7314 0.7452 0.7364 0.7024 0.6027 0.7522 0.7293 0.7031 0.7461 0.6685 0.7292 0.7371 0.6951 0.7373 0.7526 
0.6947 0.6961 0.7206 0.6924 0.6885 0.7045 0.7179 0.7285 0.7271 0.6876 0.7237 0.6810 0.7262 0.7268 0.7164 0.7180 0.7303 0.7058 0.6954 0.5963 0.7258 0.7115 0.6925 0.7259 0.6517 0.7073 0.7260 0.6925 0.7286 0.7303 
avg train acc: 0.7215 avg test acc: 0.7057 min train acc: 0.6027(19) min test acc: 0.5963(19)
Attack result:(0.43666666666666665, 0.45320197044334976, 0.6133333333333333) (184, 222, 78, 116)
iter 430:
0.7057 0.7115 0.7354 0.6859 0.7021 0.7443 0.7287 0.7472 0.7496 0.7082 0.7412 0.6993 0.7461 0.7498 0.7467 0.7289 0.7471 0.7369 0.7033 0.6070 0.7494 0.7276 0.6962 0.7376 0.6537 0.7372 0.7493 0.6976 0.7442 0.7541 
0.6930 0.6986 0.7290 0.6848 0.6899 0.7147 0.7179 0.7270 0.7294 0.6863 0.7242 0.6874 0.7264 0.7296 0.7288 0.7151 0.7308 0.7103 0.6946 0.6015 0.7290 0.7096 0.6908 0.7213 0.6435 0.7136 0.7323 0.6936 0.7338 0.7270 
avg train acc: 0.7224 avg test acc: 0.7071 min train acc: 0.6070(19) min test acc: 0.6015(19)
Attack result:(0.4683333333333333, 0.4765432098765432, 0.6433333333333333) (193, 212, 88, 107)
iter 440:
0.7070 0.7177 0.7394 0.6976 0.6948 0.7293 0.7334 0.7524 0.7492 0.7069 0.7452 0.7039 0.7515 0.7572 0.7506 0.7314 0.7549 0.7445 0.7124 0.6084 0.7523 0.7324 0.6962 0.7519 0.6691 0.7448 0.7429 0.6983 0.7423 0.7609 
0.6948 0.7036 0.7291 0.6979 0.6879 0.7136 0.7224 0.7281 0.7298 0.6844 0.7275 0.6923 0.7320 0.7360 0.7344 0.7231 0.7381 0.7158 0.6993 0.5970 0.7340 0.7121 0.6926 0.7281 0.6504 0.7171 0.7299 0.6917 0.7348 0.7360 
avg train acc: 0.7260 avg test acc: 0.7105 min train acc: 0.6084(19) min test acc: 0.5970(19)
Attack result:(0.4716666666666667, 0.47890818858560796, 0.6433333333333333) (193, 210, 90, 107)
iter 450:
0.7054 0.7122 0.7439 0.6973 0.6998 0.7460 0.7330 0.7625 0.7589 0.7071 0.7524 0.7131 0.7617 0.7581 0.7574 0.7396 0.7564 0.7540 0.7323 0.6285 0.7619 0.7400 0.7031 0.7566 0.6646 0.7529 0.7628 0.6994 0.7557 0.7626 
0.6904 0.7008 0.7313 0.6976 0.6905 0.7226 0.7237 0.7367 0.7341 0.6885 0.7348 0.6954 0.7329 0.7386 0.7365 0.7227 0.7393 0.7318 0.7127 0.6208 0.7404 0.7205 0.6940 0.7333 0.6528 0.7313 0.7401 0.6916 0.7414 0.7350 
avg train acc: 0.7326 avg test acc: 0.7154 min train acc: 0.6285(19) min test acc: 0.6208(19)
Attack result:(0.455, 0.46582278481012657, 0.6133333333333333) (184, 211, 89, 116)
iter 460:
0.7143 0.7273 0.7429 0.6959 0.7078 0.7480 0.7394 0.7702 0.7530 0.7181 0.7522 0.7020 0.7494 0.7664 0.7536 0.7280 0.7604 0.7573 0.7267 0.6442 0.7571 0.7350 0.7029 0.7494 0.6650 0.7425 0.7538 0.7168 0.7538 0.7716 
0.6970 0.7154 0.7377 0.6964 0.6960 0.7200 0.7269 0.7413 0.7350 0.6942 0.7330 0.6908 0.7335 0.7405 0.7354 0.7188 0.7427 0.7244 0.7149 0.6313 0.7371 0.7226 0.6929 0.7335 0.6502 0.7205 0.7407 0.7061 0.7419 0.7430 
avg train acc: 0.7335 avg test acc: 0.7171 min train acc: 0.6442(19) min test acc: 0.6313(19)
Attack result:(0.47, 0.47794117647058826, 0.65) (195, 213, 87, 105)
iter 470:
0.7035 0.7338 0.7570 0.7051 0.7069 0.7529 0.7425 0.7671 0.7535 0.7103 0.7469 0.7215 0.7621 0.7647 0.7578 0.7396 0.7501 0.7618 0.7276 0.6197 0.7613 0.7360 0.6970 0.7606 0.6608 0.7563 0.7705 0.7067 0.7541 0.7583 
0.6898 0.7141 0.7410 0.7045 0.6993 0.7221 0.7292 0.7397 0.7380 0.6911 0.7261 0.7037 0.7328 0.7397 0.7401 0.7204 0.7417 0.7289 0.7137 0.6082 0.7433 0.7134 0.6875 0.7356 0.6490 0.7316 0.7453 0.6987 0.7433 0.7362 
avg train acc: 0.7349 avg test acc: 0.7169 min train acc: 0.6197(19) min test acc: 0.6082(19)
Attack result:(0.475, 0.48021108179419525, 0.6066666666666667) (182, 197, 103, 118)
iter 480:
0.7162 0.7340 0.7574 0.7040 0.7099 0.7444 0.7568 0.7699 0.7533 0.7271 0.7483 0.7244 0.7574 0.7699 0.7640 0.7393 0.7615 0.7539 0.7420 0.6283 0.7611 0.7363 0.6977 0.7600 0.6507 0.7592 0.7660 0.7154 0.7586 0.7720 
0.6981 0.7234 0.7392 0.7052 0.7043 0.7192 0.7399 0.7420 0.7355 0.7066 0.7250 0.7105 0.7377 0.7434 0.7417 0.7274 0.7464 0.7240 0.7268 0.6154 0.7426 0.7170 0.6885 0.7357 0.6362 0.7340 0.7446 0.7072 0.7472 0.7458 
avg train acc: 0.7380 avg test acc: 0.7203 min train acc: 0.6283(19) min test acc: 0.6154(19)
Attack result:(0.46, 0.470873786407767, 0.6466666666666666) (194, 218, 82, 106)
iter 490:
0.7186 0.7374 0.7450 0.6988 0.6909 0.7534 0.7385 0.7698 0.7497 0.7040 0.7559 0.7016 0.7641 0.7686 0.7629 0.7278 0.7630 0.7676 0.7180 0.6525 0.7596 0.7495 0.7192 0.7574 0.6609 0.7640 0.7673 0.7310 0.7489 0.7720 
0.7029 0.7178 0.7437 0.6945 0.6840 0.7294 0.7265 0.7417 0.7349 0.6906 0.7317 0.6913 0.7405 0.7441 0.7463 0.7102 0.7476 0.7393 0.7098 0.6378 0.7449 0.7301 0.7017 0.7379 0.6502 0.7314 0.7469 0.7212 0.7419 0.7478 
avg train acc: 0.7373 avg test acc: 0.7206 min train acc: 0.6525(19) min test acc: 0.6378(19)
Attack result:(0.46, 0.47073170731707314, 0.6433333333333333) (193, 217, 83, 107)
iter 500:
0.7089 0.7366 0.7451 0.7031 0.7144 0.7494 0.7470 0.7830 0.7508 0.7083 0.7611 0.7196 0.7718 0.7758 0.7594 0.7339 0.7652 0.7508 0.7242 0.6281 0.7636 0.7427 0.6993 0.7645 0.6455 0.7572 0.7691 0.7236 0.7542 0.7792 
0.6878 0.7225 0.7411 0.7026 0.7023 0.7267 0.7345 0.7490 0.7353 0.6897 0.7367 0.7083 0.7399 0.7491 0.7429 0.7153 0.7491 0.7271 0.7161 0.6180 0.7476 0.7234 0.6912 0.7430 0.6345 0.7300 0.7474 0.7113 0.7448 0.7487 
avg train acc: 0.7379 avg test acc: 0.7205 min train acc: 0.6281(19) min test acc: 0.6180(19)
Attack result:(0.4716666666666667, 0.47901234567901235, 0.6466666666666666) (194, 211, 89, 106)
iter 525:
0.7133 0.7355 0.7577 0.7067 0.7060 0.7468 0.7456 0.7854 0.7542 0.7158 0.7612 0.7142 0.7661 0.7803 0.7655 0.7235 0.7765 0.7690 0.7381 0.6589 0.7714 0.7505 0.6982 0.7574 0.6432 0.7567 0.7757 0.7317 0.7687 0.7845 
0.6915 0.7228 0.7532 0.7041 0.7014 0.7257 0.7387 0.7532 0.7377 0.6985 0.7370 0.7031 0.7440 0.7526 0.7505 0.7112 0.7562 0.7388 0.7277 0.6388 0.7548 0.7347 0.6918 0.7362 0.6348 0.7299 0.7560 0.7177 0.7519 0.7551 
avg train acc: 0.7419 avg test acc: 0.7250 min train acc: 0.6432(24) min test acc: 0.6348(24)
Attack result:(0.48833333333333334, 0.49144254278728605, 0.67) (201, 208, 92, 99)
iter 550:
0.7323 0.7317 0.7673 0.7095 0.7102 0.7624 0.7489 0.7948 0.7664 0.7093 0.7733 0.7330 0.7789 0.7808 0.7715 0.7280 0.7785 0.7657 0.7434 0.6516 0.7834 0.7589 0.7121 0.7789 0.6493 0.7647 0.7865 0.7554 0.7678 0.7899 
0.7113 0.7272 0.7580 0.7031 0.7012 0.7361 0.7449 0.7627 0.7475 0.6917 0.7492 0.7197 0.7557 0.7575 0.7483 0.7151 0.7596 0.7409 0.7330 0.6432 0.7606 0.7397 0.7069 0.7524 0.6503 0.7427 0.7632 0.7346 0.7532 0.7604 
avg train acc: 0.7495 avg test acc: 0.7323 min train acc: 0.6493(24) min test acc: 0.6432(19)
Attack result:(0.47333333333333333, 0.48130841121495327, 0.6866666666666666) (206, 222, 78, 94)
iter 575:
0.7337 0.7574 0.7667 0.7297 0.7185 0.7617 0.7653 0.7946 0.7697 0.7286 0.7786 0.7430 0.7775 0.7801 0.7696 0.7366 0.7800 0.7722 0.7551 0.6608 0.7796 0.7597 0.7168 0.7774 0.6675 0.7614 0.7897 0.7475 0.7624 0.7947 
0.7142 0.7404 0.7601 0.7246 0.7142 0.7444 0.7526 0.7642 0.7528 0.7135 0.7560 0.7290 0.7573 0.7583 0.7445 0.7251 0.7616 0.7469 0.7396 0.6487 0.7620 0.7422 0.7137 0.7539 0.6652 0.7365 0.7631 0.7377 0.7515 0.7619 
avg train acc: 0.7545 avg test acc: 0.7379 min train acc: 0.6608(19) min test acc: 0.6487(19)
Attack result:(0.49333333333333335, 0.4953271028037383, 0.7066666666666667) (212, 216, 84, 88)
iter 600:
0.7349 0.7633 0.7675 0.7386 0.7345 0.7730 0.7604 0.7985 0.7652 0.7478 0.7725 0.7526 0.7799 0.8003 0.7815 0.7614 0.7776 0.7723 0.7534 0.6526 0.7820 0.7618 0.7271 0.7643 0.6859 0.7725 0.7853 0.7464 0.7712 0.7946 
0.7157 0.7435 0.7556 0.7311 0.7263 0.7460 0.7549 0.7615 0.7484 0.7257 0.7518 0.7349 0.7525 0.7683 0.7546 0.7421 0.7638 0.7467 0.7402 0.6453 0.7621 0.7438 0.7189 0.7461 0.6769 0.7470 0.7650 0.7344 0.7595 0.7664 
avg train acc: 0.7593 avg test acc: 0.7410 min train acc: 0.6526(19) min test acc: 0.6453(19)
Attack result:(0.47333333333333333, 0.4815668202764977, 0.6966666666666667) (209, 225, 75, 91)
iter 625:
0.7476 0.7517 0.7707 0.7345 0.7375 0.7752 0.7646 0.8038 0.7707 0.7510 0.7828 0.7367 0.7744 0.7995 0.7775 0.7601 0.7934 0.7804 0.7526 0.6581 0.7864 0.7725 0.7245 0.7697 0.7035 0.7717 0.7954 0.7340 0.7873 0.8054 
0.7267 0.7343 0.7596 0.7305 0.7341 0.7506 0.7552 0.7664 0.7537 0.7354 0.7592 0.7259 0.7567 0.7721 0.7537 0.7510 0.7719 0.7567 0.7430 0.6444 0.7692 0.7566 0.7237 0.7496 0.6922 0.7494 0.7745 0.7247 0.7670 0.7713 
avg train acc: 0.7624 avg test acc: 0.7453 min train acc: 0.6581(19) min test acc: 0.6444(19)
Attack result:(0.4816666666666667, 0.4875283446712018, 0.7166666666666667) (215, 226, 74, 85)
iter 650:
0.7435 0.7471 0.7728 0.7313 0.7340 0.7779 0.7594 0.8028 0.7769 0.7417 0.7857 0.7374 0.7918 0.8096 0.7828 0.7813 0.7920 0.7570 0.7424 0.6309 0.8023 0.7674 0.7471 0.7917 0.6885 0.7725 0.7974 0.7342 0.7857 0.8070 
0.7265 0.7327 0.7672 0.7178 0.7274 0.7501 0.7528 0.7701 0.7619 0.7268 0.7647 0.7245 0.7682 0.7749 0.7559 0.7612 0.7754 0.7397 0.7284 0.6185 0.7747 0.7460 0.7343 0.7647 0.6800 0.7515 0.7751 0.7162 0.7697 0.7753 
avg train acc: 0.7631 avg test acc: 0.7444 min train acc: 0.6309(19) min test acc: 0.6185(19)
Attack result:(0.47333333333333333, 0.4817351598173516, 0.7033333333333334) (211, 227, 73, 89)
iter 675:
0.7491 0.7507 0.7853 0.7371 0.7374 0.7677 0.7783 0.8154 0.7983 0.7462 0.7931 0.7347 0.7992 0.7989 0.7803 0.7703 0.8026 0.7364 0.7484 0.5788 0.7905 0.7649 0.7462 0.8047 0.6685 0.7664 0.7998 0.7133 0.7849 0.8100 
0.7265 0.7312 0.7772 0.7294 0.7278 0.7434 0.7627 0.7810 0.7745 0.7241 0.7711 0.7249 0.7787 0.7666 0.7522 0.7600 0.7768 0.7226 0.7308 0.5673 0.7700 0.7409 0.7305 0.7793 0.6649 0.7483 0.7772 0.7031 0.7694 0.7768 
avg train acc: 0.7619 avg test acc: 0.7430 min train acc: 0.5788(19) min test acc: 0.5673(19)
Attack result:(0.48333333333333334, 0.48847926267281105, 0.7066666666666667) (212, 222, 78, 88)
iter 700:
0.7551 0.7281 0.7744 0.7005 0.6941 0.7751 0.7536 0.8177 0.8000 0.7180 0.7922 0.7211 0.7961 0.8067 0.7954 0.7862 0.8001 0.7488 0.7463 0.5612 0.7980 0.7639 0.7413 0.7983 0.6685 0.7968 0.8068 0.7311 0.7961 0.8149 
0.7314 0.7081 0.7620 0.6939 0.6905 0.7519 0.7416 0.7785 0.7765 0.6973 0.7681 0.7110 0.7744 0.7743 0.7629 0.7624 0.7803 0.7361 0.7262 0.5608 0.7771 0.7406 0.7318 0.7728 0.6640 0.7706 0.7814 0.7103 0.7776 0.7801 
avg train acc: 0.7595 avg test acc: 0.7398 min train acc: 0.5612(19) min test acc: 0.5608(19)
Attack result:(0.47, 0.4791666666666667, 0.69) (207, 225, 75, 93)
iter 725:
0.7477 0.7132 0.7773 0.6962 0.6966 0.7860 0.7435 0.8057 0.8043 0.7183 0.7936 0.7174 0.7937 0.8134 0.8081 0.7832 0.8063 0.7746 0.7332 0.5650 0.8114 0.7683 0.7446 0.7922 0.6726 0.8063 0.8081 0.7225 0.8052 0.8131 
0.7309 0.6902 0.7637 0.6914 0.6863 0.7632 0.7363 0.7728 0.7784 0.6957 0.7709 0.7023 0.7757 0.7844 0.7772 0.7657 0.7842 0.7481 0.7153 0.5666 0.7815 0.7483 0.7293 0.7714 0.6636 0.7796 0.7850 0.7093 0.7843 0.7828 
avg train acc: 0.7607 avg test acc: 0.7412 min train acc: 0.5650(19) min test acc: 0.5666(19)
Attack result:(0.4683333333333333, 0.47785547785547783, 0.6833333333333333) (205, 224, 76, 95)
iter 750:
0.7489 0.7330 0.7880 0.7063 0.7074 0.7887 0.7596 0.8042 0.7983 0.7190 0.7987 0.7315 0.8088 0.8219 0.8139 0.8013 0.8094 0.7642 0.7379 0.5669 0.8061 0.7727 0.7448 0.8064 0.6481 0.8112 0.8068 0.7299 0.8053 0.8206 
0.7301 0.7144 0.7764 0.7017 0.6940 0.7632 0.7466 0.7783 0.7760 0.6930 0.7752 0.7178 0.7845 0.7882 0.7796 0.7734 0.7869 0.7439 0.7172 0.5680 0.7822 0.7467 0.7322 0.7771 0.6545 0.7831 0.7852 0.7162 0.7872 0.7873 
avg train acc: 0.7653 avg test acc: 0.7453 min train acc: 0.5669(19) min test acc: 0.5680(19)
Attack result:(0.46166666666666667, 0.47255369928400953, 0.66) (198, 221, 79, 102)
iter 775:
0.7425 0.7635 0.8066 0.7291 0.7469 0.7796 0.7894 0.8256 0.8098 0.7458 0.7993 0.7479 0.8128 0.8202 0.8128 0.7969 0.8176 0.7699 0.7667 0.5729 0.8112 0.7624 0.7312 0.8177 0.6396 0.8174 0.8171 0.7218 0.8135 0.8277 
0.7239 0.7391 0.7885 0.7191 0.7298 0.7542 0.7718 0.7910 0.7837 0.7150 0.7730 0.7330 0.7841 0.7890 0.7808 0.7828 0.7913 0.7517 0.7452 0.5730 0.7871 0.7395 0.7231 0.7891 0.6431 0.7881 0.7908 0.7084 0.7916 0.7865 
avg train acc: 0.7738 avg test acc: 0.7522 min train acc: 0.5729(19) min test acc: 0.5730(19)
Attack result:(0.47833333333333333, 0.4844124700239808, 0.6733333333333333) (202, 215, 85, 98)
iter 800:
0.7565 0.7734 0.8043 0.7109 0.7139 0.7946 0.7853 0.8233 0.8006 0.7401 0.7922 0.7396 0.8171 0.8207 0.8107 0.7924 0.8139 0.7884 0.7685 0.5883 0.8177 0.7594 0.7437 0.8176 0.6537 0.8131 0.8208 0.7381 0.8117 0.8298 
0.7343 0.7486 0.7845 0.7073 0.7054 0.7658 0.7670 0.7913 0.7804 0.7127 0.7707 0.7248 0.7887 0.7888 0.7806 0.7698 0.7914 0.7630 0.7501 0.5894 0.7930 0.7365 0.7335 0.7859 0.6538 0.7877 0.7937 0.7216 0.7919 0.7875 
avg train acc: 0.7747 avg test acc: 0.7533 min train acc: 0.5883(19) min test acc: 0.5894(19)
Attack result:(0.4766666666666667, 0.48267326732673266, 0.65) (195, 209, 91, 105)
***** Best Attack Result ********
{
    "iter": 75,
    "attack_metric": [
        0.535,
        0.5462555066079295,
        0.41333333333333333
    ],
    "pred_distribution": [
        124,
        103,
        197,
        176
    ]
}
