************* DL Setting *************
   Seed = 3407
   Setting = s6
   Graph = er30
   Number of Attacker = 1
   Sample per user/ Num of Cover = 4166
   Num of member/non-member = 500
   Normal User Batch size = 128
   Attacker Batch size = 256
   Attack = unitnorm
   Defense = median
   data distribution = non-iid
   Init LR = 0.01
   LR Decay = [800]
   Max Iter = 800
   Normal Train Iter = 200
**************************************
iter 25:
0.0596 0.0409 0.3469 0.1420 0.0408 0.2043 0.0550 0.0411 0.1521 0.0346 0.1182 0.0200 0.0758 0.1592 0.0225 0.0725 0.0779 0.1853 0.1809 0.3512 0.0382 0.1302 0.0331 0.2946 0.0333 0.0873 0.3737 0.3431 0.2975 0.1442 
0.0575 0.0637 0.0274 0.0720 0.0734 0.0468 0.0656 0.0575 0.0346 0.0472 0.0568 0.0439 0.0564 0.0608 0.0504 0.0650 0.0781 0.0462 0.0464 0.0490 0.0502 0.0723 0.0486 0.0727 0.0546 0.0485 0.0781 0.0510 0.0452 0.0390 
avg train acc: 0.1385 avg test acc: 0.0553 min train acc: 0.0200(11) min test acc: 0.0274(2)
Attack result:(0.507, 0.5636363636363636, 0.062) (31, 24, 476, 469)
iter 50:
0.1847 0.1700 0.3622 0.2546 0.0805 0.1802 0.1726 0.1663 0.2229 0.1106 0.3617 0.0986 0.1742 0.1124 0.1488 0.1423 0.2663 0.3035 0.2828 0.2548 0.3924 0.2653 0.0485 0.1884 0.0600 0.0704 0.1922 0.1721 0.2877 0.5488 
0.1681 0.1691 0.1455 0.0927 0.0814 0.1660 0.1599 0.1558 0.1310 0.1168 0.1442 0.1412 0.1165 0.1294 0.0949 0.1078 0.1810 0.1514 0.1516 0.1199 0.1545 0.1549 0.0618 0.0976 0.0720 0.0693 0.1504 0.1254 0.1252 0.1469 
avg train acc: 0.2092 avg test acc: 0.1294 min train acc: 0.0485(22) min test acc: 0.0618(22)
Attack result:(0.508, 0.525, 0.168) (84, 76, 424, 416)
iter 75:
0.2603 0.3604 0.5092 0.2958 0.1186 0.2749 0.3308 0.3132 0.2302 0.1272 0.2336 0.1021 0.2435 0.1888 0.3128 0.1647 0.3168 0.2853 0.3444 0.3830 0.4798 0.3197 0.1054 0.3651 0.1026 0.1456 0.3076 0.1594 0.4845 0.4440 
0.2403 0.2586 0.2426 0.1583 0.1386 0.2246 0.2269 0.2485 0.1859 0.1430 0.2214 0.1897 0.2246 0.2354 0.2263 0.1475 0.2772 0.2008 0.2368 0.1562 0.2378 0.2190 0.1283 0.2529 0.1149 0.1827 0.2482 0.1926 0.2777 0.2672 
avg train acc: 0.2770 avg test acc: 0.2101 min train acc: 0.1021(11) min test acc: 0.1149(24)
Attack result:(0.507, 0.5152838427947598, 0.236) (118, 111, 389, 382)
iter 100:
0.3415 0.3493 0.5478 0.3588 0.1666 0.3143 0.2599 0.4242 0.3492 0.1506 0.2004 0.1592 0.2988 0.2803 0.2717 0.1792 0.3808 0.2394 0.4183 0.2854 0.4754 0.3109 0.1512 0.2368 0.1791 0.2886 0.3673 0.1968 0.3864 0.5359 
0.3182 0.2821 0.2865 0.1992 0.1898 0.2901 0.2615 0.3191 0.2307 0.1612 0.2168 0.2476 0.2953 0.3162 0.3029 0.1694 0.3356 0.2725 0.3097 0.1785 0.3150 0.2332 0.1593 0.2918 0.1306 0.2542 0.3338 0.2636 0.3100 0.3118 
avg train acc: 0.3035 avg test acc: 0.2596 min train acc: 0.1506(9) min test acc: 0.1306(24)
Attack result:(0.477, 0.46325878594249204, 0.29) (145, 168, 332, 355)
iter 125:
0.3522 0.3441 0.5320 0.2822 0.2355 0.3668 0.3711 0.4231 0.4043 0.1821 0.2882 0.1865 0.3210 0.3516 0.3617 0.2765 0.5006 0.3484 0.3578 0.1256 0.5382 0.3530 0.1979 0.3518 0.1303 0.2829 0.4571 0.3275 0.3947 0.5916 
0.3494 0.3163 0.3629 0.2381 0.2155 0.3432 0.3085 0.3662 0.2834 0.1840 0.2619 0.2581 0.3248 0.3642 0.3551 0.2177 0.3773 0.3162 0.2920 0.1719 0.3744 0.2587 0.1862 0.3181 0.1474 0.2854 0.3649 0.3023 0.3172 0.3625 
avg train acc: 0.3412 avg test acc: 0.2941 min train acc: 0.1256(19) min test acc: 0.1474(24)
Attack result:(0.474, 0.46285714285714286, 0.324) (162, 188, 312, 338)
iter 150:
0.3833 0.3727 0.5818 0.2981 0.2744 0.3927 0.3728 0.4588 0.4500 0.2378 0.2338 0.2280 0.3536 0.3927 0.4558 0.3497 0.5124 0.4509 0.4054 0.0959 0.5704 0.2913 0.2454 0.3265 0.1135 0.3749 0.4669 0.3146 0.4341 0.6399 
0.3800 0.3286 0.3985 0.2638 0.2632 0.3527 0.3193 0.3982 0.3078 0.2000 0.2532 0.2815 0.3261 0.4109 0.3853 0.2726 0.4063 0.3406 0.3196 0.1559 0.3881 0.2445 0.1756 0.3367 0.1449 0.3308 0.3921 0.2829 0.3625 0.3798 
avg train acc: 0.3693 avg test acc: 0.3134 min train acc: 0.0959(19) min test acc: 0.1449(24)
Attack result:(0.49, 0.48633879781420764, 0.356) (178, 188, 312, 322)
iter 175:
0.4017 0.3551 0.5953 0.3426 0.2546 0.3405 0.3938 0.4770 0.4676 0.2852 0.2894 0.3028 0.4027 0.4600 0.4153 0.3046 0.5696 0.4519 0.3784 0.1024 0.5537 0.2815 0.2431 0.3145 0.1079 0.4427 0.5127 0.3637 0.3938 0.6527 
0.3912 0.3576 0.4036 0.2920 0.2743 0.3500 0.3373 0.4217 0.3058 0.2195 0.2815 0.3227 0.3348 0.4304 0.4181 0.2885 0.4166 0.3472 0.3448 0.1648 0.4185 0.2466 0.1835 0.3445 0.1462 0.3706 0.4108 0.3012 0.4031 0.3817 
avg train acc: 0.3819 avg test acc: 0.3303 min train acc: 0.1024(19) min test acc: 0.1462(24)
Attack result:(0.502, 0.5026737967914439, 0.376) (188, 186, 314, 312)
iter 200:
0.4364 0.4505 0.6228 0.2748 0.2606 0.4133 0.3698 0.5008 0.4804 0.3432 0.2976 0.3564 0.4688 0.4587 0.4584 0.3092 0.5475 0.4694 0.3588 0.1136 0.5941 0.3941 0.3219 0.4024 0.1540 0.4591 0.5273 0.4248 0.4883 0.6493 
0.4179 0.3735 0.4192 0.3244 0.3036 0.3844 0.3429 0.4344 0.3356 0.2345 0.3099 0.3703 0.3621 0.4468 0.4172 0.2733 0.4520 0.3538 0.3302 0.1928 0.4276 0.3055 0.2129 0.3895 0.1708 0.4267 0.4392 0.3724 0.4276 0.4431 
avg train acc: 0.4135 avg test acc: 0.3565 min train acc: 0.1136(19) min test acc: 0.1708(24)
Attack result:(0.51, 0.5125, 0.41) (205, 195, 305, 295)
iter 225:
0.4497 0.3933 0.6125 0.2517 0.2524 0.4349 0.4983 0.5376 0.5001 0.3604 0.3745 0.3566 0.4729 0.4407 0.5039 0.2746 0.5483 0.4717 0.3597 0.1405 0.6088 0.3953 0.3146 0.3752 0.1458 0.5020 0.4845 0.3900 0.5121 0.6764 
0.4439 0.3713 0.4129 0.3031 0.2885 0.4234 0.3383 0.4372 0.3473 0.2302 0.3280 0.3679 0.3839 0.4139 0.4319 0.2657 0.4814 0.3776 0.3202 0.1963 0.4469 0.3052 0.2294 0.4058 0.1807 0.4016 0.4717 0.3782 0.4441 0.4643 
avg train acc: 0.4213 avg test acc: 0.3630 min train acc: 0.1405(19) min test acc: 0.1807(24)
Attack result:(0.496, 0.4953271028037383, 0.424) (212, 216, 284, 288)
iter 250:
0.4452 0.4040 0.6094 0.2605 0.2581 0.4067 0.3521 0.4754 0.4941 0.3376 0.3190 0.3720 0.4075 0.3687 0.5521 0.2877 0.5763 0.3555 0.4305 0.1369 0.5513 0.3865 0.2911 0.4370 0.1784 0.4648 0.6123 0.3461 0.5403 0.6828 
0.4316 0.4104 0.4037 0.3193 0.3039 0.3951 0.3812 0.4244 0.3564 0.2463 0.3307 0.3634 0.3615 0.4005 0.4711 0.2610 0.4794 0.3535 0.3424 0.2082 0.4400 0.3057 0.2321 0.3947 0.1919 0.3974 0.4623 0.3697 0.4443 0.4580 
avg train acc: 0.4113 avg test acc: 0.3647 min train acc: 0.1369(19) min test acc: 0.1919(24)
Attack result:(0.502, 0.5024271844660194, 0.414) (207, 205, 295, 293)
iter 275:
0.4679 0.3882 0.6058 0.2605 0.2612 0.3928 0.3776 0.4637 0.5429 0.3658 0.3424 0.3488 0.3842 0.3852 0.4267 0.2707 0.5793 0.3177 0.4692 0.1470 0.5729 0.4218 0.2652 0.4442 0.1830 0.3765 0.4946 0.4137 0.5104 0.7097 
0.4533 0.4232 0.3853 0.3204 0.3034 0.4089 0.3853 0.4059 0.3897 0.2504 0.3267 0.3310 0.3574 0.3634 0.4562 0.2631 0.4823 0.3503 0.3467 0.2419 0.4433 0.3160 0.2277 0.3871 0.2013 0.3446 0.4682 0.3485 0.4374 0.4668 
avg train acc: 0.4063 avg test acc: 0.3629 min train acc: 0.1470(19) min test acc: 0.2013(24)
Attack result:(0.502, 0.5022123893805309, 0.454) (227, 225, 275, 273)
iter 300:
0.4880 0.4485 0.5992 0.3023 0.2981 0.4539 0.4269 0.4142 0.5669 0.3667 0.3252 0.3554 0.4190 0.3653 0.4975 0.3051 0.6420 0.3497 0.4659 0.1824 0.5258 0.4584 0.3615 0.4416 0.2179 0.2367 0.4834 0.3693 0.4593 0.6580 
0.4747 0.4374 0.4263 0.3534 0.3063 0.4140 0.4099 0.3794 0.4139 0.2673 0.3495 0.3259 0.3721 0.3531 0.4550 0.2695 0.4868 0.3402 0.3798 0.2787 0.4687 0.3514 0.2460 0.4178 0.2393 0.3054 0.4466 0.3315 0.4344 0.4851 
avg train acc: 0.4161 avg test acc: 0.3740 min train acc: 0.1824(19) min test acc: 0.2393(24)
Attack result:(0.51, 0.5109170305676856, 0.468) (234, 224, 276, 266)
iter 325:
0.4841 0.3570 0.6293 0.3030 0.3091 0.4498 0.5304 0.4311 0.5792 0.2549 0.3384 0.2483 0.4368 0.3996 0.4374 0.3205 0.6211 0.3279 0.4995 0.2170 0.6545 0.4370 0.3131 0.3823 0.2420 0.2245 0.5050 0.3098 0.5764 0.6889 
0.4657 0.4253 0.4240 0.3602 0.2884 0.4687 0.4234 0.3946 0.4339 0.2525 0.3256 0.3109 0.3513 0.3719 0.4460 0.2819 0.5012 0.3683 0.4027 0.2943 0.4679 0.3274 0.2049 0.3958 0.2466 0.2648 0.4181 0.2940 0.4531 0.4576 
avg train acc: 0.4169 avg test acc: 0.3707 min train acc: 0.2170(19) min test acc: 0.2049(22)
Attack result:(0.503, 0.5032822757111597, 0.46) (230, 227, 273, 270)
iter 350:
0.4545 0.4609 0.6662 0.3682 0.3739 0.5593 0.6438 0.3781 0.4423 0.3341 0.2728 0.2658 0.3862 0.4282 0.4773 0.3356 0.6353 0.4604 0.6024 0.2296 0.7064 0.3507 0.2364 0.4106 0.2172 0.2625 0.4889 0.2997 0.5933 0.6700 
0.4376 0.4830 0.4806 0.4059 0.3083 0.4956 0.4824 0.3900 0.4075 0.2805 0.2955 0.3306 0.3283 0.4378 0.4617 0.3301 0.5104 0.4178 0.4715 0.3137 0.5049 0.3026 0.1867 0.4000 0.2177 0.2624 0.4677 0.2579 0.4526 0.4426 
avg train acc: 0.4337 avg test acc: 0.3855 min train acc: 0.2172(24) min test acc: 0.1867(22)
Attack result:(0.516, 0.5188679245283019, 0.44) (220, 204, 296, 280)
iter 375:
0.4586 0.5064 0.6756 0.3960 0.3608 0.6195 0.6485 0.4296 0.5249 0.2625 0.3196 0.2255 0.3864 0.4338 0.4983 0.2973 0.6974 0.5740 0.5910 0.1863 0.6507 0.3909 0.2548 0.4785 0.1848 0.2290 0.5548 0.3049 0.5110 0.5842 
0.4377 0.4691 0.4719 0.3577 0.2579 0.5060 0.4781 0.3986 0.4120 0.2415 0.2969 0.2841 0.3629 0.4435 0.4789 0.2837 0.5088 0.4768 0.4372 0.2330 0.4984 0.3091 0.2010 0.4052 0.1975 0.2420 0.4862 0.2433 0.4329 0.4568 
avg train acc: 0.4412 avg test acc: 0.3770 min train acc: 0.1848(24) min test acc: 0.1975(24)
Attack result:(0.517, 0.5207823960880196, 0.426) (213, 196, 304, 287)
iter 400:
0.4512 0.5823 0.7083 0.4420 0.4467 0.6096 0.6770 0.4883 0.5493 0.3049 0.4172 0.2205 0.4819 0.3659 0.4976 0.3337 0.6606 0.6153 0.5642 0.2098 0.6560 0.3724 0.2631 0.6096 0.2132 0.3026 0.5648 0.3203 0.5567 0.6762 
0.4379 0.4414 0.5088 0.3651 0.3017 0.5068 0.4871 0.4936 0.4435 0.2877 0.3977 0.2925 0.4540 0.4455 0.4857 0.3198 0.5332 0.5000 0.4697 0.2547 0.5163 0.3717 0.2633 0.4898 0.2249 0.3015 0.4934 0.3027 0.4634 0.4873 
avg train acc: 0.4720 avg test acc: 0.4114 min train acc: 0.2098(19) min test acc: 0.2249(24)
Attack result:(0.494, 0.49278846153846156, 0.41) (205, 211, 289, 295)
iter 410:
0.4601 0.5858 0.6906 0.5203 0.4389 0.5770 0.7201 0.5665 0.5198 0.2779 0.4128 0.2470 0.5273 0.4278 0.4909 0.3583 0.6247 0.6301 0.5533 0.1975 0.5695 0.3188 0.2297 0.6291 0.1896 0.3968 0.5865 0.2356 0.5680 0.6638 
0.4410 0.4502 0.5071 0.4002 0.3210 0.5120 0.4979 0.5065 0.4218 0.2887 0.4131 0.3277 0.4549 0.4565 0.4928 0.3432 0.5362 0.5140 0.4846 0.2287 0.5360 0.3352 0.2372 0.5011 0.1949 0.3581 0.5179 0.2951 0.4792 0.4970 
avg train acc: 0.4738 avg test acc: 0.4183 min train acc: 0.1896(24) min test acc: 0.1949(24)
Attack result:(0.499, 0.4988399071925754, 0.43) (215, 216, 284, 285)
iter 420:
0.4440 0.5905 0.6716 0.5229 0.3781 0.4952 0.7090 0.5751 0.5494 0.3128 0.4185 0.2432 0.5107 0.4468 0.4730 0.3510 0.7194 0.6302 0.6209 0.2356 0.6195 0.3544 0.1978 0.5116 0.2170 0.4184 0.6371 0.2490 0.5826 0.6544 
0.4268 0.4832 0.5037 0.3783 0.3184 0.5041 0.5041 0.5001 0.4147 0.3082 0.3855 0.3406 0.4377 0.4543 0.5085 0.3597 0.5410 0.5071 0.5121 0.2443 0.5262 0.3408 0.2295 0.4973 0.2118 0.3698 0.5123 0.2926 0.5048 0.5019 
avg train acc: 0.4780 avg test acc: 0.4206 min train acc: 0.1978(22) min test acc: 0.2118(24)
Attack result:(0.509, 0.5105386416861827, 0.436) (218, 209, 291, 282)
iter 430:
0.4373 0.5548 0.6928 0.5076 0.3867 0.5586 0.7093 0.5075 0.5462 0.3140 0.4669 0.2056 0.4864 0.4174 0.5492 0.3168 0.7358 0.6227 0.6099 0.2277 0.5887 0.3747 0.2543 0.5883 0.2014 0.4269 0.5786 0.3292 0.5791 0.7296 
0.4239 0.4616 0.5008 0.3782 0.3060 0.4913 0.4971 0.5149 0.4347 0.3038 0.4171 0.3153 0.4718 0.4512 0.4930 0.3440 0.5279 0.5290 0.4861 0.2486 0.5090 0.3658 0.2729 0.4926 0.2164 0.3764 0.4922 0.3443 0.4728 0.5008 
avg train acc: 0.4835 avg test acc: 0.4213 min train acc: 0.2014(24) min test acc: 0.2164(24)
Attack result:(0.508, 0.5096618357487923, 0.422) (211, 203, 297, 289)
iter 440:
0.4724 0.5704 0.6847 0.4800 0.3370 0.5598 0.6503 0.5474 0.5664 0.3098 0.4439 0.2731 0.5134 0.4356 0.5242 0.3454 0.6848 0.6158 0.6067 0.2295 0.6008 0.3469 0.3009 0.6096 0.2380 0.4329 0.5176 0.3145 0.6250 0.6656 
0.4561 0.4325 0.4943 0.3706 0.3079 0.4885 0.4776 0.5120 0.4531 0.2832 0.4275 0.3339 0.4956 0.4546 0.4640 0.3251 0.5202 0.5238 0.4598 0.2605 0.4924 0.3886 0.2903 0.5048 0.2318 0.4020 0.4943 0.3636 0.4737 0.5147 
avg train acc: 0.4834 avg test acc: 0.4232 min train acc: 0.2295(19) min test acc: 0.2318(24)
Attack result:(0.514, 0.5159817351598174, 0.452) (226, 212, 288, 274)
iter 450:
0.4435 0.5088 0.6525 0.5048 0.4166 0.5471 0.6665 0.5553 0.5301 0.3024 0.4969 0.2943 0.4374 0.4542 0.5351 0.3859 0.6449 0.6355 0.5946 0.2283 0.5173 0.3828 0.2579 0.5385 0.2123 0.3987 0.5682 0.2873 0.5958 0.6742 
0.4185 0.4544 0.4701 0.3907 0.3365 0.4470 0.4997 0.5138 0.4361 0.3085 0.4066 0.3544 0.4856 0.4966 0.4798 0.3417 0.5265 0.5194 0.4971 0.2213 0.5122 0.3664 0.2578 0.4895 0.2012 0.4193 0.5087 0.3239 0.4619 0.5012 
avg train acc: 0.4756 avg test acc: 0.4216 min train acc: 0.2123(24) min test acc: 0.2012(24)
Attack result:(0.508, 0.5097087378640777, 0.42) (210, 202, 298, 290)
iter 460:
0.4558 0.4516 0.6586 0.5192 0.4546 0.5019 0.7047 0.5743 0.5961 0.3110 0.5116 0.2448 0.4890 0.4836 0.5608 0.3356 0.6786 0.6223 0.5967 0.2186 0.5523 0.3490 0.2608 0.5028 0.2060 0.4626 0.5977 0.3148 0.6291 0.7112 
0.4390 0.4547 0.4778 0.3828 0.3280 0.4330 0.5017 0.5240 0.4435 0.2996 0.4387 0.3341 0.4915 0.4868 0.5104 0.3314 0.5454 0.5308 0.4974 0.2137 0.5050 0.3902 0.2792 0.5118 0.2062 0.4330 0.5156 0.3782 0.5004 0.5092 
avg train acc: 0.4852 avg test acc: 0.4298 min train acc: 0.2060(24) min test acc: 0.2062(24)
Attack result:(0.503, 0.5034324942791762, 0.44) (220, 217, 283, 280)
iter 470:
0.4736 0.5266 0.6793 0.5415 0.4090 0.5048 0.6819 0.6118 0.5348 0.3234 0.4513 0.2542 0.5205 0.5026 0.5946 0.3791 0.7079 0.6475 0.5616 0.2993 0.4652 0.3877 0.2957 0.4922 0.2289 0.4847 0.5985 0.3623 0.6459 0.7106 
0.4591 0.4388 0.5095 0.3689 0.3279 0.4509 0.4859 0.5172 0.4449 0.3149 0.4247 0.3327 0.4927 0.4871 0.5113 0.3402 0.5463 0.5293 0.4784 0.2346 0.4816 0.3870 0.3032 0.5031 0.2235 0.4408 0.5044 0.3965 0.5239 0.5217 
avg train acc: 0.4959 avg test acc: 0.4327 min train acc: 0.2289(24) min test acc: 0.2235(24)
Attack result:(0.512, 0.5127659574468085, 0.482) (241, 229, 271, 259)
iter 480:
0.4717 0.5563 0.6518 0.4809 0.4287 0.4439 0.6353 0.5923 0.5282 0.3307 0.5111 0.3398 0.5751 0.5233 0.5407 0.3395 0.6415 0.6309 0.5799 0.2434 0.6256 0.4647 0.3115 0.6021 0.2168 0.4951 0.5588 0.3476 0.6336 0.6281 
0.4581 0.4315 0.4910 0.3764 0.3411 0.4222 0.4846 0.5212 0.4687 0.3118 0.4372 0.3624 0.5018 0.5032 0.5048 0.3440 0.5466 0.5040 0.4955 0.2204 0.4992 0.3870 0.3009 0.5123 0.2216 0.4713 0.5169 0.3875 0.5085 0.5113 
avg train acc: 0.4976 avg test acc: 0.4348 min train acc: 0.2168(24) min test acc: 0.2204(19)
Attack result:(0.525, 0.5277161862527716, 0.476) (238, 213, 287, 262)
iter 490:
0.4726 0.5715 0.6745 0.5190 0.4711 0.4251 0.6384 0.5894 0.5784 0.3486 0.4600 0.3264 0.5506 0.5236 0.5341 0.3822 0.6843 0.6248 0.5952 0.1953 0.5813 0.4011 0.3402 0.5625 0.2277 0.5330 0.6251 0.3373 0.6388 0.6802 
0.4538 0.4327 0.4969 0.3870 0.3741 0.4113 0.5047 0.5448 0.4622 0.3498 0.4405 0.3847 0.5192 0.5269 0.5249 0.3755 0.5398 0.4963 0.5027 0.2063 0.5317 0.3980 0.3056 0.5140 0.2075 0.4969 0.5281 0.4017 0.5337 0.5226 
avg train acc: 0.5031 avg test acc: 0.4458 min train acc: 0.1953(19) min test acc: 0.2063(19)
Attack result:(0.526, 0.5298165137614679, 0.462) (231, 205, 295, 269)
iter 500:
0.4972 0.4584 0.6539 0.5346 0.3926 0.4417 0.6170 0.6255 0.6401 0.3194 0.4510 0.2700 0.5466 0.5707 0.6122 0.4059 0.7211 0.6157 0.5960 0.2085 0.4862 0.4263 0.3907 0.6453 0.2190 0.5703 0.5481 0.4238 0.6499 0.6658 
0.4760 0.4016 0.4908 0.3817 0.3768 0.4266 0.4668 0.5317 0.4899 0.3318 0.4630 0.3620 0.5363 0.5082 0.5305 0.3654 0.5503 0.4999 0.4956 0.1962 0.5221 0.4115 0.3527 0.5218 0.2227 0.4989 0.5269 0.4299 0.5320 0.5273 
avg train acc: 0.5068 avg test acc: 0.4476 min train acc: 0.2085(19) min test acc: 0.1962(19)
Attack result:(0.511, 0.5116279069767442, 0.484) (242, 231, 269, 258)
iter 525:
0.4618 0.4852 0.6778 0.4730 0.4510 0.3929 0.5907 0.6259 0.5931 0.3391 0.5325 0.2687 0.5430 0.5108 0.6079 0.3800 0.6385 0.6263 0.6133 0.1490 0.6090 0.4988 0.3970 0.5519 0.2124 0.5947 0.5862 0.4124 0.6146 0.7153 
0.4550 0.3517 0.5214 0.3535 0.3765 0.3831 0.4499 0.5428 0.4862 0.3211 0.4585 0.3678 0.5444 0.4983 0.5397 0.3485 0.5494 0.4712 0.4931 0.1860 0.5378 0.4392 0.3521 0.5396 0.2062 0.5219 0.5144 0.4290 0.5401 0.5349 
avg train acc: 0.5051 avg test acc: 0.4438 min train acc: 0.1490(19) min test acc: 0.1860(19)
Attack result:(0.542, 0.5452586206896551, 0.506) (253, 211, 289, 247)
iter 550:
0.4798 0.4295 0.6691 0.4585 0.3764 0.3999 0.5333 0.6495 0.5218 0.3268 0.4514 0.2524 0.6249 0.4913 0.6799 0.3979 0.7150 0.5840 0.5585 0.1526 0.6649 0.4474 0.3968 0.5872 0.1931 0.6520 0.5799 0.4208 0.6844 0.6945 
0.4728 0.3235 0.5052 0.3334 0.3726 0.3881 0.4256 0.5591 0.4595 0.3127 0.4484 0.3432 0.5551 0.4954 0.5542 0.3186 0.5591 0.4818 0.4571 0.1805 0.5241 0.4286 0.3376 0.5523 0.1885 0.5477 0.5075 0.4130 0.5472 0.5599 
avg train acc: 0.5024 avg test acc: 0.4384 min train acc: 0.1526(19) min test acc: 0.1805(19)
Attack result:(0.518, 0.518595041322314, 0.502) (251, 233, 267, 249)
iter 575:
0.4227 0.4157 0.6805 0.4064 0.3526 0.3128 0.5143 0.6538 0.4055 0.3486 0.4474 0.3271 0.6242 0.4888 0.5918 0.3705 0.5670 0.5343 0.5915 0.1068 0.6408 0.5003 0.3499 0.6486 0.1632 0.6173 0.5569 0.3582 0.6595 0.6252 
0.4126 0.3508 0.5083 0.3238 0.3749 0.3618 0.3949 0.5450 0.3913 0.3216 0.3756 0.3682 0.5304 0.4739 0.5297 0.3006 0.5473 0.4381 0.4469 0.1651 0.5467 0.4268 0.2964 0.5179 0.1559 0.5385 0.4959 0.3982 0.5365 0.5398 
avg train acc: 0.4761 avg test acc: 0.4204 min train acc: 0.1068(19) min test acc: 0.1559(24)
Attack result:(0.523, 0.5282555282555282, 0.43) (215, 192, 308, 285)
iter 600:
0.4650 0.4425 0.6230 0.3993 0.3867 0.3465 0.5062 0.6910 0.4183 0.3389 0.4422 0.3113 0.5986 0.5270 0.5780 0.3964 0.6658 0.5914 0.6002 0.1520 0.6720 0.5380 0.3382 0.5601 0.2012 0.6213 0.5622 0.4626 0.6492 0.6986 
0.4432 0.3814 0.5351 0.3480 0.3690 0.4072 0.4041 0.5645 0.3906 0.3101 0.4281 0.3755 0.5455 0.4923 0.5218 0.2994 0.5456 0.4672 0.4492 0.2113 0.5308 0.4563 0.3201 0.5447 0.1988 0.5609 0.4912 0.4305 0.5616 0.5617 
avg train acc: 0.4928 avg test acc: 0.4382 min train acc: 0.1520(19) min test acc: 0.1988(24)
Attack result:(0.532, 0.5355555555555556, 0.482) (241, 209, 291, 259)
iter 625:
0.4895 0.5063 0.6396 0.4851 0.3639 0.3890 0.5477 0.7111 0.4220 0.3757 0.4991 0.3368 0.6051 0.5506 0.5463 0.3822 0.6775 0.5988 0.6006 0.2093 0.6555 0.5306 0.4100 0.6183 0.2335 0.6198 0.6080 0.5068 0.6136 0.6908 
0.4623 0.4388 0.5513 0.3940 0.4068 0.4602 0.4357 0.5687 0.4283 0.3305 0.4708 0.3944 0.5384 0.5195 0.5385 0.3237 0.5423 0.4666 0.4352 0.2648 0.5480 0.4689 0.3566 0.5481 0.2495 0.5611 0.5065 0.4658 0.5557 0.5529 
avg train acc: 0.5141 avg test acc: 0.4595 min train acc: 0.2093(19) min test acc: 0.2495(24)
Attack result:(0.51, 0.5108695652173914, 0.47) (235, 225, 275, 265)
iter 650:
0.4800 0.5350 0.6318 0.5664 0.3735 0.4160 0.5737 0.6838 0.4712 0.4273 0.4841 0.3915 0.5557 0.5534 0.6635 0.4342 0.6591 0.5760 0.5577 0.2325 0.6996 0.5002 0.4704 0.5561 0.2984 0.6157 0.6018 0.5133 0.6548 0.7402 
0.4634 0.4912 0.5519 0.4314 0.4181 0.4867 0.4735 0.5781 0.4353 0.3809 0.4759 0.4479 0.5160 0.5459 0.5413 0.3927 0.5768 0.4842 0.4405 0.3191 0.5494 0.4667 0.3628 0.5266 0.2736 0.5372 0.5130 0.4455 0.5664 0.5708 
avg train acc: 0.5306 avg test acc: 0.4754 min train acc: 0.2325(19) min test acc: 0.2736(24)
Attack result:(0.536, 0.5393013100436681, 0.494) (247, 211, 289, 253)
iter 675:
0.4620 0.5544 0.6242 0.4239 0.3856 0.5391 0.5678 0.7057 0.4983 0.4480 0.5535 0.4314 0.4790 0.5500 0.5791 0.5350 0.6273 0.4662 0.5663 0.2510 0.6838 0.4758 0.4062 0.4261 0.2806 0.4779 0.6402 0.4407 0.6918 0.7097 
0.4478 0.5090 0.5335 0.4317 0.3968 0.5090 0.4927 0.5725 0.4505 0.3794 0.4678 0.4411 0.4664 0.5558 0.5516 0.4284 0.5630 0.4679 0.4402 0.3284 0.5350 0.4399 0.3319 0.4961 0.2810 0.4875 0.5159 0.3814 0.5705 0.5608 
avg train acc: 0.5160 avg test acc: 0.4678 min train acc: 0.2510(19) min test acc: 0.2810(24)
Attack result:(0.514, 0.5159817351598174, 0.452) (226, 212, 288, 274)
iter 700:
0.4611 0.5056 0.6495 0.4249 0.3294 0.4543 0.5981 0.6950 0.5089 0.3918 0.4398 0.3812 0.3966 0.5980 0.5241 0.4894 0.6770 0.5006 0.5570 0.1978 0.6869 0.4616 0.3578 0.5011 0.2360 0.4616 0.5729 0.2959 0.5516 0.7702 
0.4415 0.4841 0.5279 0.4210 0.3894 0.5185 0.5151 0.5739 0.4303 0.3726 0.4566 0.3728 0.4188 0.5471 0.5337 0.4264 0.5702 0.4603 0.4216 0.3028 0.5517 0.3823 0.2683 0.4788 0.2784 0.4005 0.5074 0.2665 0.5443 0.5458 
avg train acc: 0.4892 avg test acc: 0.4469 min train acc: 0.1978(19) min test acc: 0.2665(27)
Attack result:(0.5, 0.5, 0.414) (207, 207, 293, 293)
iter 725:
0.4540 0.5462 0.6900 0.4461 0.3039 0.4666 0.6247 0.6522 0.4836 0.3822 0.4310 0.2852 0.4004 0.5603 0.6162 0.5162 0.6611 0.4149 0.4892 0.1984 0.6513 0.4377 0.3105 0.4162 0.2470 0.3343 0.5880 0.2550 0.6535 0.7402 
0.4429 0.4932 0.5353 0.4078 0.3553 0.4993 0.5253 0.5599 0.4525 0.3362 0.4153 0.3303 0.4002 0.5349 0.5469 0.4261 0.5569 0.4127 0.3874 0.2899 0.5321 0.3460 0.2351 0.4332 0.2756 0.3250 0.4932 0.1965 0.5446 0.5360 
avg train acc: 0.4752 avg test acc: 0.4275 min train acc: 0.1984(19) min test acc: 0.1965(27)
Attack result:(0.508, 0.5092165898617511, 0.442) (221, 213, 287, 279)
iter 750:
0.4852 0.6107 0.6895 0.4229 0.3155 0.4773 0.5875 0.6348 0.4609 0.2782 0.3793 0.2500 0.4475 0.6522 0.6517 0.4679 0.7220 0.3385 0.4960 0.1888 0.6535 0.3050 0.3048 0.4935 0.2727 0.2648 0.5228 0.2368 0.6220 0.7405 
0.4632 0.5017 0.5146 0.4002 0.2845 0.4773 0.5060 0.5514 0.4302 0.2691 0.4029 0.2732 0.4203 0.5363 0.5595 0.3789 0.5605 0.3672 0.3543 0.2653 0.5473 0.3125 0.2063 0.4307 0.2793 0.2708 0.4565 0.1753 0.4859 0.5340 
avg train acc: 0.4658 avg test acc: 0.4072 min train acc: 0.1888(19) min test acc: 0.1753(27)
Attack result:(0.502, 0.5021834061135371, 0.46) (230, 228, 272, 270)
iter 775:
0.4421 0.5584 0.7040 0.4477 0.2833 0.5765 0.5376 0.4367 0.4821 0.2446 0.3070 0.1809 0.3219 0.4894 0.6502 0.3968 0.6493 0.3833 0.5404 0.1580 0.6779 0.2485 0.2229 0.5213 0.1911 0.2814 0.6120 0.3299 0.5545 0.6953 
0.4283 0.4737 0.5279 0.3607 0.2240 0.5391 0.4769 0.4802 0.4166 0.2104 0.3265 0.2395 0.3613 0.5049 0.5341 0.2858 0.5325 0.4244 0.4113 0.2242 0.5368 0.2730 0.1613 0.3906 0.2093 0.2249 0.4880 0.2076 0.4670 0.4774 
avg train acc: 0.4375 avg test acc: 0.3806 min train acc: 0.1580(19) min test acc: 0.1613(22)
Attack result:(0.509, 0.5108958837772397, 0.422) (211, 202, 298, 289)
iter 800:
0.4047 0.5800 0.7171 0.5614 0.3482 0.5773 0.6522 0.4517 0.5615 0.2873 0.3394 0.2439 0.3447 0.4496 0.6186 0.3734 0.6749 0.4074 0.5631 0.2590 0.6590 0.2441 0.2496 0.5760 0.2292 0.3755 0.6399 0.3814 0.6673 0.7248 
0.3866 0.5336 0.5101 0.4180 0.2865 0.5628 0.5173 0.4817 0.4114 0.2603 0.3565 0.2958 0.3576 0.4799 0.5509 0.2916 0.5560 0.4684 0.4990 0.2881 0.5573 0.3122 0.1690 0.4427 0.2069 0.2902 0.5541 0.2903 0.5346 0.4928 
avg train acc: 0.4721 avg test acc: 0.4121 min train acc: 0.2292(24) min test acc: 0.1690(22)
Attack result:(0.522, 0.5292553191489362, 0.398) (199, 177, 323, 301)
***** Best Attack Result ********
{
    "iter": 525,
    "attack_metric": [
        0.542,
        0.5452586206896551,
        0.506
    ],
    "pred_distribution": [
        253,
        211,
        289,
        247
    ]
}
