************* DL Setting *************
   Seed = 3407
   Setting = s6
   Graph = er30
   Number of Attacker = 1
   Sample per user/ Num of Cover = 4166
   Num of member/non-member = 300
   Normal User Batch size = 128
   Attacker Batch size = 256
   Attack = angle
   Defense = trim
   data distribution = non-iid
   Init LR = 0.01
   LR Decay = [800]
   Max Iter = 800
   Normal Train Iter = 200
**************************************
iter 25:
0.1277 0.2220 0.3515 0.3471 0.1422 0.2385 0.1486 0.1597 0.3799 0.2503 0.4108 0.0726 0.2221 0.0798 0.0951 0.1513 0.2199 0.3017 0.2014 0.4444 0.3526 0.2226 0.1134 0.4009 0.1542 0.3033 0.3985 0.4064 0.4285 0.3443 
0.1184 0.0987 0.0377 0.0957 0.1140 0.0755 0.1203 0.1213 0.0850 0.1004 0.0831 0.0937 0.1012 0.1083 0.0967 0.1206 0.1194 0.0894 0.0933 0.0449 0.0995 0.1099 0.1044 0.0863 0.1110 0.0928 0.1035 0.0877 0.0844 0.0780 
avg train acc: 0.2564 avg test acc: 0.0958 min train acc: 0.0726(11) min test acc: 0.0377(2)
Attack result:(0.48833333333333334, 0.43137254901960786, 0.07333333333333333) (22, 29, 271, 278)
iter 50:
0.1171 0.2798 0.3981 0.3934 0.1613 0.3007 0.3228 0.3447 0.3786 0.2570 0.4032 0.1431 0.2504 0.2267 0.2971 0.2673 0.2878 0.4022 0.4109 0.4914 0.4550 0.3919 0.1057 0.5218 0.1088 0.3528 0.3535 0.2919 0.3937 0.5979 
0.1094 0.2321 0.1866 0.1176 0.1672 0.2325 0.2298 0.2545 0.2080 0.2419 0.1988 0.1754 0.2088 0.2109 0.2155 0.2308 0.2446 0.2337 0.1976 0.1535 0.2194 0.2474 0.1327 0.2310 0.1435 0.2198 0.2198 0.1942 0.2183 0.2218 
avg train acc: 0.3235 avg test acc: 0.2032 min train acc: 0.1057(22) min test acc: 0.1094(0)
Attack result:(0.505, 0.5254237288135594, 0.10333333333333333) (31, 28, 272, 269)
iter 75:
0.1952 0.3582 0.5068 0.4059 0.1976 0.4217 0.3761 0.4212 0.4565 0.3295 0.4504 0.1767 0.3429 0.3614 0.3463 0.2970 0.4766 0.4084 0.4086 0.5310 0.4838 0.4605 0.1994 0.4807 0.2198 0.3371 0.4007 0.2528 0.4797 0.6430 
0.1825 0.3087 0.2693 0.1970 0.2082 0.3410 0.3196 0.3480 0.2734 0.2835 0.2892 0.2531 0.3176 0.3047 0.3089 0.2642 0.3467 0.3028 0.2803 0.2187 0.3164 0.3281 0.2167 0.3418 0.2088 0.3200 0.3142 0.2438 0.3345 0.3299 
avg train acc: 0.3809 avg test acc: 0.2857 min train acc: 0.1767(11) min test acc: 0.1825(0)
Attack result:(0.505, 0.5157894736842106, 0.16333333333333333) (49, 46, 254, 251)
iter 100:
0.2940 0.4177 0.5214 0.4828 0.2677 0.4341 0.3931 0.5180 0.4576 0.4082 0.4463 0.2125 0.3797 0.4403 0.3743 0.3451 0.5144 0.2922 0.4021 0.4392 0.4987 0.5204 0.3275 0.4839 0.3108 0.4523 0.4195 0.1796 0.4834 0.6150 
0.2916 0.3715 0.3234 0.3072 0.2922 0.3906 0.3818 0.4048 0.3260 0.3301 0.3236 0.3051 0.3935 0.3889 0.3621 0.3130 0.4157 0.3086 0.3421 0.2837 0.3618 0.3682 0.3219 0.3799 0.2731 0.3580 0.3639 0.2689 0.3851 0.3926 
avg train acc: 0.4111 avg test acc: 0.3443 min train acc: 0.1796(27) min test acc: 0.2689(27)
Attack result:(0.49666666666666665, 0.49404761904761907, 0.27666666666666667) (83, 85, 215, 217)
iter 125:
0.2931 0.4151 0.5814 0.4489 0.2533 0.4824 0.4129 0.5344 0.4881 0.3384 0.5087 0.2812 0.4614 0.4440 0.3766 0.3764 0.5468 0.3672 0.4006 0.3678 0.5923 0.4840 0.3836 0.4973 0.4114 0.4685 0.5240 0.2165 0.5050 0.6297 
0.2956 0.3915 0.3934 0.3254 0.2909 0.4234 0.4165 0.4520 0.3827 0.3545 0.3863 0.3506 0.4361 0.4205 0.4106 0.3476 0.4318 0.3817 0.3830 0.2801 0.4153 0.4046 0.3603 0.4246 0.2912 0.4071 0.4160 0.3062 0.4088 0.4459 
avg train acc: 0.4364 avg test acc: 0.3811 min train acc: 0.2165(27) min test acc: 0.2801(19)
Attack result:(0.5066666666666667, 0.5104166666666666, 0.32666666666666666) (98, 94, 206, 202)
iter 150:
0.3411 0.4368 0.5955 0.5132 0.3130 0.4859 0.4212 0.5774 0.5032 0.4032 0.5272 0.3811 0.5218 0.4862 0.3963 0.3778 0.5784 0.4028 0.4238 0.3050 0.6004 0.5630 0.4176 0.5662 0.4464 0.5123 0.5520 0.3872 0.5636 0.6529 
0.3451 0.4233 0.4358 0.3586 0.3308 0.4459 0.4344 0.4711 0.3925 0.3655 0.4067 0.4002 0.4778 0.4637 0.4438 0.3860 0.4727 0.4119 0.4096 0.3037 0.4516 0.4499 0.3941 0.4673 0.3013 0.4444 0.4523 0.3671 0.4377 0.4823 
avg train acc: 0.4751 avg test acc: 0.4142 min train acc: 0.3050(19) min test acc: 0.3013(24)
Attack result:(0.49666666666666665, 0.49537037037037035, 0.3566666666666667) (107, 109, 191, 193)
iter 175:
0.3805 0.4495 0.6391 0.5296 0.3684 0.4789 0.4833 0.5971 0.5403 0.4698 0.5655 0.4757 0.5666 0.5285 0.3509 0.3825 0.6189 0.4904 0.4764 0.4048 0.6295 0.5596 0.4786 0.6176 0.4158 0.5584 0.5984 0.3608 0.5826 0.6607 
0.3813 0.4487 0.4783 0.4182 0.3906 0.4548 0.4666 0.5109 0.4357 0.3848 0.4494 0.4569 0.4998 0.4866 0.4547 0.3916 0.4922 0.4379 0.4559 0.3168 0.4973 0.4742 0.4198 0.4922 0.3130 0.4709 0.4835 0.4231 0.4779 0.5104 
avg train acc: 0.5086 avg test acc: 0.4458 min train acc: 0.3509(14) min test acc: 0.3130(24)
Attack result:(0.49, 0.48739495798319327, 0.38666666666666666) (116, 122, 178, 184)
iter 200:
0.4049 0.5161 0.6805 0.5274 0.4835 0.4806 0.5602 0.6256 0.4965 0.5089 0.5632 0.4655 0.6219 0.5264 0.3339 0.3942 0.6160 0.4970 0.5173 0.4492 0.6272 0.5956 0.5068 0.6112 0.4607 0.5842 0.5794 0.3706 0.6249 0.6695 
0.3994 0.4854 0.4953 0.4529 0.4437 0.4743 0.5051 0.5193 0.4360 0.4293 0.4648 0.4676 0.5152 0.5058 0.4771 0.4124 0.5206 0.4686 0.4692 0.3522 0.5119 0.4863 0.4331 0.5029 0.3579 0.5016 0.4961 0.4456 0.5188 0.5318 
avg train acc: 0.5300 avg test acc: 0.4693 min train acc: 0.3339(14) min test acc: 0.3522(19)
Attack result:(0.505, 0.5058365758754864, 0.43333333333333335) (130, 127, 173, 170)
iter 225:
0.4237 0.4827 0.6428 0.5486 0.5383 0.4319 0.5573 0.6202 0.5289 0.4777 0.6035 0.4417 0.6005 0.5846 0.4103 0.3956 0.6430 0.5341 0.4978 0.4151 0.6291 0.6178 0.5016 0.5638 0.4103 0.6213 0.5606 0.3696 0.5456 0.7042 
0.4186 0.4704 0.4670 0.4494 0.4625 0.4657 0.4982 0.5317 0.4445 0.4241 0.4649 0.4499 0.5427 0.5133 0.5014 0.4089 0.5562 0.4809 0.4413 0.3491 0.5456 0.5084 0.4382 0.5264 0.3529 0.5263 0.4957 0.4328 0.5301 0.5537 
avg train acc: 0.5301 avg test acc: 0.4750 min train acc: 0.3696(27) min test acc: 0.3491(19)
Attack result:(0.485, 0.4827586206896552, 0.42) (126, 135, 165, 174)
iter 250:
0.4142 0.4879 0.6632 0.6002 0.5132 0.3863 0.5825 0.6498 0.5314 0.5058 0.5874 0.4965 0.6128 0.5811 0.4571 0.4359 0.6286 0.5625 0.5231 0.4355 0.6829 0.6295 0.5241 0.6185 0.4238 0.6186 0.6696 0.4069 0.5837 0.7000 
0.4080 0.4999 0.4846 0.4778 0.4900 0.4774 0.5253 0.5469 0.4621 0.4557 0.4863 0.4882 0.5553 0.5405 0.5262 0.4178 0.5690 0.4896 0.4822 0.3754 0.5534 0.5271 0.4453 0.5490 0.3726 0.5484 0.5287 0.4785 0.5496 0.5730 
avg train acc: 0.5504 avg test acc: 0.4961 min train acc: 0.3863(5) min test acc: 0.3726(24)
Attack result:(0.5133333333333333, 0.5169491525423728, 0.4066666666666667) (122, 114, 186, 178)
iter 275:
0.4453 0.5059 0.6799 0.6197 0.4857 0.4464 0.5993 0.6603 0.5608 0.4749 0.6113 0.5667 0.6129 0.6133 0.4986 0.4252 0.6783 0.5842 0.5613 0.4183 0.6632 0.6636 0.5571 0.6239 0.4469 0.5928 0.6394 0.5338 0.6474 0.7145 
0.4360 0.5173 0.5167 0.4829 0.5024 0.5287 0.5322 0.5720 0.4894 0.4609 0.4989 0.5085 0.5780 0.5629 0.5459 0.4472 0.5958 0.5018 0.4989 0.4166 0.5745 0.5467 0.4815 0.5840 0.4078 0.5554 0.5558 0.5107 0.5689 0.5948 
avg train acc: 0.5710 avg test acc: 0.5191 min train acc: 0.4183(19) min test acc: 0.4078(24)
Attack result:(0.515, 0.5172413793103449, 0.45) (135, 126, 174, 165)
iter 300:
0.4452 0.5133 0.6994 0.5543 0.4666 0.5099 0.6285 0.6724 0.5909 0.5102 0.6346 0.5510 0.6290 0.5889 0.5649 0.5079 0.7065 0.5720 0.5977 0.3065 0.6405 0.6788 0.5641 0.6180 0.4429 0.5853 0.6566 0.5277 0.6252 0.7197 
0.4379 0.5152 0.5222 0.4886 0.4960 0.5471 0.5274 0.5942 0.5340 0.4705 0.5338 0.5197 0.5809 0.5664 0.5609 0.4595 0.5943 0.5087 0.5230 0.3992 0.5744 0.5504 0.4937 0.5811 0.4065 0.5734 0.5885 0.5122 0.5858 0.5958 
avg train acc: 0.5770 avg test acc: 0.5280 min train acc: 0.3065(19) min test acc: 0.3992(19)
Attack result:(0.495, 0.4945054945054945, 0.45) (135, 138, 162, 165)
iter 325:
0.4563 0.4996 0.6803 0.5113 0.4045 0.5036 0.6147 0.6731 0.6589 0.4745 0.6192 0.5236 0.6297 0.5766 0.5626 0.5155 0.6977 0.5808 0.6037 0.3093 0.6947 0.6794 0.5451 0.6408 0.4184 0.6435 0.6829 0.5466 0.6602 0.7322 
0.4399 0.5167 0.5059 0.4824 0.4682 0.5544 0.5205 0.6018 0.5590 0.4564 0.5346 0.5218 0.5999 0.5714 0.5846 0.4703 0.5968 0.5230 0.5329 0.3713 0.5860 0.5338 0.4958 0.5980 0.3681 0.5734 0.6053 0.5280 0.6032 0.5926 
avg train acc: 0.5780 avg test acc: 0.5299 min train acc: 0.3093(19) min test acc: 0.3681(24)
Attack result:(0.47833333333333333, 0.47547169811320755, 0.42) (126, 139, 161, 174)
iter 350:
0.4516 0.5648 0.6851 0.5790 0.4067 0.5932 0.6503 0.7073 0.6430 0.4895 0.6070 0.5464 0.6488 0.5621 0.5444 0.5304 0.7110 0.6113 0.6170 0.3505 0.7147 0.6825 0.5414 0.6829 0.4279 0.6829 0.6897 0.5224 0.6855 0.7078 
0.4458 0.5435 0.5247 0.4725 0.4428 0.5720 0.5441 0.6041 0.5731 0.4751 0.5487 0.5084 0.5894 0.5792 0.5870 0.4914 0.5955 0.5659 0.5474 0.3867 0.5783 0.5417 0.4866 0.6026 0.3850 0.5780 0.6135 0.5238 0.6046 0.6067 
avg train acc: 0.5946 avg test acc: 0.5373 min train acc: 0.3505(19) min test acc: 0.3850(24)
Attack result:(0.49333333333333335, 0.4924812030075188, 0.43666666666666665) (131, 135, 165, 169)
iter 375:
0.4861 0.6271 0.7005 0.5922 0.4104 0.6144 0.6338 0.6994 0.7153 0.5033 0.5906 0.5248 0.6462 0.5725 0.5544 0.5680 0.7511 0.6550 0.5996 0.4068 0.7054 0.6915 0.5282 0.6966 0.4590 0.6848 0.7223 0.5361 0.6977 0.7059 
0.4606 0.5745 0.5500 0.4899 0.4734 0.5927 0.5823 0.6184 0.5813 0.4924 0.5785 0.5154 0.6001 0.5774 0.5933 0.5282 0.6179 0.5955 0.5405 0.4031 0.6014 0.5623 0.4733 0.6108 0.3905 0.5874 0.6220 0.5271 0.6092 0.6190 
avg train acc: 0.6093 avg test acc: 0.5523 min train acc: 0.4068(19) min test acc: 0.3905(24)
Attack result:(0.5083333333333333, 0.5092250922509225, 0.46) (138, 133, 167, 162)
iter 400:
0.4906 0.6795 0.7176 0.6103 0.4470 0.6335 0.6366 0.7121 0.7213 0.5214 0.6188 0.4660 0.6368 0.5420 0.6603 0.5563 0.7308 0.6261 0.6032 0.4818 0.7137 0.6960 0.5147 0.6999 0.4503 0.6821 0.7004 0.4838 0.6983 0.7310 
0.4686 0.5896 0.5661 0.4966 0.4907 0.5991 0.5955 0.6307 0.5998 0.5132 0.5848 0.5246 0.6011 0.5794 0.6087 0.5401 0.6324 0.5988 0.5492 0.4292 0.5974 0.5699 0.4773 0.6134 0.3967 0.5803 0.6234 0.5301 0.6146 0.6302 
avg train acc: 0.6154 avg test acc: 0.5610 min train acc: 0.4470(4) min test acc: 0.3967(24)
Attack result:(0.505, 0.5055762081784386, 0.4533333333333333) (136, 133, 167, 164)
iter 410:
0.4807 0.6714 0.6957 0.6153 0.4265 0.6616 0.6592 0.7206 0.6905 0.5206 0.6425 0.4858 0.6097 0.5387 0.6356 0.5546 0.7194 0.6222 0.6284 0.5063 0.6494 0.6756 0.5297 0.6665 0.4510 0.7008 0.7121 0.4515 0.6862 0.7576 
0.4602 0.5805 0.5620 0.4885 0.4910 0.6001 0.6001 0.6295 0.5963 0.5163 0.5985 0.5225 0.5877 0.5806 0.5946 0.5572 0.6366 0.5967 0.5548 0.4197 0.6093 0.5619 0.4642 0.6079 0.3838 0.5977 0.6186 0.5301 0.6228 0.6227 
avg train acc: 0.6122 avg test acc: 0.5598 min train acc: 0.4265(4) min test acc: 0.3838(24)
Attack result:(0.505, 0.5055762081784386, 0.4533333333333333) (136, 133, 167, 164)
iter 420:
0.4970 0.6517 0.6941 0.6549 0.4410 0.6269 0.6147 0.7134 0.6993 0.4969 0.6442 0.4983 0.6055 0.5759 0.6215 0.5558 0.7128 0.6211 0.6452 0.5090 0.6648 0.6495 0.5208 0.6944 0.4888 0.6895 0.7471 0.3996 0.6727 0.7239 
0.4679 0.5709 0.5419 0.4910 0.5043 0.5964 0.5820 0.6189 0.6000 0.5171 0.5940 0.5448 0.5866 0.5860 0.6087 0.5623 0.6333 0.6025 0.5573 0.4209 0.5989 0.5710 0.4699 0.6083 0.3931 0.5939 0.6335 0.5265 0.6286 0.6132 
avg train acc: 0.6110 avg test acc: 0.5608 min train acc: 0.3996(27) min test acc: 0.3931(24)
Attack result:(0.5116666666666667, 0.5128205128205128, 0.4666666666666667) (140, 133, 167, 160)
iter 430:
0.5032 0.6682 0.7150 0.6534 0.4675 0.6096 0.6108 0.7244 0.6882 0.5190 0.6644 0.4694 0.6266 0.5640 0.6841 0.5368 0.7341 0.5839 0.6383 0.5050 0.6944 0.6516 0.5196 0.6961 0.4850 0.6824 0.7466 0.3872 0.7201 0.7620 
0.4774 0.5739 0.5576 0.5069 0.5122 0.5962 0.5989 0.6319 0.6136 0.5341 0.6002 0.5338 0.5888 0.5890 0.6097 0.5727 0.6402 0.5845 0.5579 0.4237 0.5928 0.5748 0.4792 0.6055 0.3937 0.5932 0.6235 0.5428 0.6208 0.6316 
avg train acc: 0.6170 avg test acc: 0.5654 min train acc: 0.3872(27) min test acc: 0.3937(24)
Attack result:(0.5083333333333333, 0.5090252707581228, 0.47) (141, 136, 164, 159)
iter 440:
0.5039 0.6944 0.7185 0.6482 0.4560 0.5875 0.6106 0.7384 0.6827 0.5563 0.6125 0.4757 0.6231 0.6179 0.6804 0.5780 0.7350 0.5660 0.6071 0.5091 0.6852 0.6700 0.4988 0.7104 0.4879 0.6846 0.7103 0.3464 0.7134 0.7600 
0.4804 0.5783 0.5722 0.5086 0.5122 0.5847 0.6010 0.6328 0.6114 0.5336 0.6113 0.5496 0.5980 0.5840 0.6145 0.5961 0.6400 0.5701 0.5614 0.4080 0.5984 0.5841 0.4824 0.6146 0.3946 0.5904 0.6171 0.5338 0.6308 0.6289 
avg train acc: 0.6156 avg test acc: 0.5674 min train acc: 0.3464(27) min test acc: 0.3946(24)
Attack result:(0.5116666666666667, 0.512280701754386, 0.4866666666666667) (146, 139, 161, 154)
iter 450:
0.5139 0.6344 0.6996 0.6467 0.4588 0.6589 0.5912 0.7257 0.7172 0.5088 0.6434 0.4547 0.6182 0.6107 0.7205 0.5746 0.7371 0.5558 0.6069 0.5627 0.6916 0.6970 0.5234 0.6806 0.5348 0.6830 0.7560 0.3598 0.6782 0.7403 
0.4854 0.5413 0.5328 0.5037 0.5194 0.6092 0.5913 0.6250 0.6192 0.5209 0.6177 0.5382 0.5972 0.5997 0.6337 0.5870 0.6421 0.5922 0.5547 0.4209 0.6018 0.5993 0.5036 0.6035 0.4254 0.5998 0.6299 0.5297 0.6211 0.6227 
avg train acc: 0.6195 avg test acc: 0.5689 min train acc: 0.3598(27) min test acc: 0.4209(19)
Attack result:(0.5116666666666667, 0.511864406779661, 0.5033333333333333) (151, 144, 156, 149)
iter 460:
0.5229 0.6187 0.7187 0.6630 0.4845 0.6127 0.5920 0.7282 0.7032 0.4975 0.6470 0.4901 0.6597 0.6321 0.7184 0.5878 0.7319 0.5627 0.6008 0.5244 0.7196 0.6775 0.5537 0.6619 0.5251 0.6889 0.7160 0.3688 0.7105 0.7419 
0.5043 0.5425 0.5467 0.5093 0.5166 0.6125 0.5926 0.6347 0.6211 0.5174 0.6210 0.5419 0.6002 0.6051 0.6289 0.5958 0.6470 0.5885 0.5532 0.4086 0.6041 0.5963 0.4989 0.6109 0.4155 0.5981 0.6314 0.5385 0.6293 0.6268 
avg train acc: 0.6220 avg test acc: 0.5713 min train acc: 0.3688(27) min test acc: 0.4086(19)
Attack result:(0.5166666666666667, 0.5168918918918919, 0.51) (153, 143, 157, 147)
iter 470:
0.5073 0.6422 0.7148 0.6776 0.4568 0.6190 0.6383 0.7458 0.6696 0.5548 0.6395 0.5285 0.6773 0.6512 0.6500 0.5817 0.7374 0.5598 0.6073 0.4942 0.6830 0.6334 0.5613 0.7265 0.4945 0.7083 0.7165 0.3178 0.7003 0.7447 
0.4923 0.5533 0.5812 0.5016 0.5220 0.5842 0.6113 0.6405 0.6139 0.5273 0.6145 0.5491 0.6072 0.6068 0.6217 0.6173 0.6503 0.5595 0.5602 0.3821 0.6138 0.5767 0.4999 0.6110 0.3960 0.5920 0.6321 0.5168 0.6406 0.6337 
avg train acc: 0.6213 avg test acc: 0.5703 min train acc: 0.3178(27) min test acc: 0.3821(19)
Attack result:(0.515, 0.5159010600706714, 0.4866666666666667) (146, 137, 163, 154)
iter 480:
0.5574 0.6470 0.7358 0.6144 0.4980 0.6182 0.6161 0.7345 0.6865 0.5199 0.6690 0.5142 0.6845 0.6153 0.6413 0.5589 0.7304 0.5882 0.5768 0.4410 0.6707 0.6825 0.6088 0.7418 0.5077 0.6864 0.7108 0.3557 0.7048 0.7431 
0.5357 0.5232 0.5766 0.4864 0.4938 0.6084 0.5977 0.6420 0.6202 0.5016 0.6128 0.5330 0.6126 0.6093 0.6218 0.5977 0.6466 0.5689 0.5425 0.3736 0.6209 0.5893 0.5352 0.6182 0.4271 0.5941 0.6317 0.5129 0.6179 0.6437 
avg train acc: 0.6220 avg test acc: 0.5699 min train acc: 0.3557(27) min test acc: 0.3736(19)
Attack result:(0.5183333333333333, 0.5176848874598071, 0.5366666666666666) (161, 150, 150, 139)
iter 490:
0.5682 0.6436 0.7514 0.6532 0.4604 0.6464 0.5744 0.7193 0.7078 0.5205 0.6848 0.5335 0.6438 0.6598 0.6205 0.5814 0.7373 0.6042 0.5863 0.4445 0.7191 0.6691 0.5672 0.7326 0.5306 0.7152 0.7651 0.3880 0.7156 0.7491 
0.5504 0.5263 0.5843 0.5248 0.5173 0.6100 0.5877 0.6477 0.6217 0.5010 0.6139 0.5571 0.6216 0.6317 0.6287 0.6053 0.6550 0.5842 0.5525 0.3745 0.6321 0.5940 0.5287 0.6303 0.4204 0.6213 0.6457 0.5348 0.6425 0.6424 
avg train acc: 0.6298 avg test acc: 0.5796 min train acc: 0.3880(27) min test acc: 0.3745(19)
Attack result:(0.5183333333333333, 0.5169230769230769, 0.56) (168, 157, 143, 132)
iter 500:
0.5452 0.6144 0.7578 0.6552 0.4713 0.6219 0.5955 0.7366 0.7300 0.5030 0.6960 0.5378 0.6710 0.6752 0.6630 0.5624 0.7228 0.5527 0.5712 0.4099 0.6997 0.6726 0.6017 0.7726 0.4999 0.7049 0.7442 0.3894 0.7217 0.7353 
0.5366 0.5413 0.5950 0.5229 0.5130 0.6050 0.6052 0.6467 0.6314 0.4871 0.6306 0.5370 0.6387 0.6256 0.6332 0.5989 0.6556 0.5719 0.5478 0.3915 0.6240 0.6016 0.5432 0.6353 0.4264 0.6049 0.6372 0.5317 0.6313 0.6436 
avg train acc: 0.6278 avg test acc: 0.5798 min train acc: 0.3894(27) min test acc: 0.3915(19)
Attack result:(0.5133333333333333, 0.5129032258064516, 0.53) (159, 151, 149, 141)
iter 525:
0.5541 0.6389 0.7700 0.5923 0.5109 0.6662 0.6150 0.7329 0.7012 0.5487 0.7056 0.5703 0.6582 0.6775 0.6702 0.5824 0.7425 0.6373 0.6281 0.3587 0.7286 0.6550 0.5994 0.7154 0.5092 0.7061 0.7158 0.4414 0.7376 0.7492 
0.5491 0.5560 0.6160 0.5370 0.5092 0.6090 0.6082 0.6667 0.6357 0.5017 0.6055 0.5596 0.6293 0.6448 0.6386 0.5965 0.6598 0.5840 0.5768 0.3889 0.6290 0.5870 0.5406 0.6433 0.4169 0.6501 0.6464 0.5286 0.6464 0.6560 
avg train acc: 0.6373 avg test acc: 0.5872 min train acc: 0.3587(19) min test acc: 0.3889(19)
Attack result:(0.5066666666666667, 0.5060975609756098, 0.5533333333333333) (166, 162, 138, 134)
iter 550:
0.5321 0.6189 0.7743 0.5570 0.4758 0.6454 0.6573 0.7610 0.7068 0.5446 0.7061 0.5734 0.7025 0.6758 0.6408 0.5861 0.7136 0.6264 0.6159 0.3486 0.7017 0.6854 0.6082 0.6942 0.5003 0.7017 0.7343 0.5222 0.7115 0.7450 
0.5324 0.5737 0.6030 0.5432 0.5133 0.6186 0.6059 0.6667 0.6178 0.4975 0.6037 0.5602 0.6518 0.6366 0.6367 0.5577 0.6552 0.5915 0.5759 0.4204 0.6275 0.5961 0.5420 0.6503 0.4249 0.6358 0.6524 0.5514 0.6382 0.6575 
avg train acc: 0.6356 avg test acc: 0.5879 min train acc: 0.3486(19) min test acc: 0.4204(19)
Attack result:(0.49666666666666665, 0.49693251533742333, 0.54) (162, 164, 136, 138)
iter 575:
0.5351 0.6075 0.7560 0.6038 0.4590 0.5794 0.6231 0.7569 0.6971 0.5300 0.6810 0.6561 0.6940 0.6979 0.6424 0.5370 0.7369 0.6665 0.6400 0.3491 0.7321 0.6855 0.5805 0.7246 0.5305 0.7246 0.7442 0.5366 0.7151 0.7470 
0.5327 0.5894 0.6234 0.5552 0.5310 0.6309 0.6016 0.6670 0.6159 0.4966 0.5990 0.5863 0.6446 0.6366 0.6152 0.5453 0.6598 0.6108 0.5963 0.4480 0.6447 0.6056 0.5514 0.6506 0.4364 0.6399 0.6575 0.5615 0.6403 0.6638 
avg train acc: 0.6390 avg test acc: 0.5946 min train acc: 0.3491(19) min test acc: 0.4364(24)
Attack result:(0.5016666666666667, 0.5015290519877675, 0.5466666666666666) (164, 163, 137, 136)
iter 600:
0.5132 0.6105 0.7159 0.6127 0.4539 0.5902 0.6333 0.7676 0.6705 0.5395 0.7067 0.6276 0.6942 0.6750 0.6142 0.5624 0.7382 0.6517 0.6726 0.3658 0.6898 0.7432 0.6172 0.7165 0.5494 0.6786 0.7669 0.5585 0.7268 0.7526 
0.5127 0.6068 0.6352 0.5757 0.5507 0.6262 0.6116 0.6675 0.6102 0.5256 0.5981 0.5906 0.6502 0.6363 0.6115 0.5421 0.6573 0.5930 0.5974 0.4595 0.6379 0.6134 0.5616 0.6498 0.4602 0.6339 0.6537 0.5678 0.6295 0.6660 
avg train acc: 0.6405 avg test acc: 0.5977 min train acc: 0.3658(19) min test acc: 0.4595(19)
Attack result:(0.495, 0.4952978056426332, 0.5266666666666666) (158, 161, 139, 142)
iter 625:
0.5058 0.6558 0.7409 0.5965 0.4235 0.5999 0.6211 0.7597 0.6870 0.5852 0.7045 0.6665 0.7177 0.6682 0.6067 0.5607 0.7422 0.6498 0.6763 0.3906 0.6896 0.7368 0.6060 0.6873 0.4898 0.7037 0.7614 0.5497 0.6664 0.7791 
0.4980 0.6259 0.6253 0.5729 0.5595 0.6307 0.6187 0.6675 0.5948 0.5451 0.6147 0.5934 0.6629 0.6296 0.6118 0.5334 0.6651 0.6062 0.5938 0.4840 0.6573 0.6133 0.5658 0.6510 0.4739 0.6316 0.6534 0.5666 0.6325 0.6666 
avg train acc: 0.6409 avg test acc: 0.6015 min train acc: 0.3906(19) min test acc: 0.4739(24)
Attack result:(0.495, 0.49508196721311476, 0.5033333333333333) (151, 154, 146, 149)
iter 650:
0.5201 0.6607 0.7649 0.5845 0.4122 0.5802 0.6325 0.7543 0.6285 0.5748 0.7046 0.5806 0.7119 0.7052 0.7028 0.5563 0.7397 0.6866 0.6761 0.4279 0.7479 0.7465 0.6229 0.6664 0.4989 0.7200 0.7696 0.5439 0.6981 0.7881 
0.5185 0.6143 0.6252 0.5546 0.5539 0.6269 0.6193 0.6585 0.5937 0.5553 0.6196 0.5853 0.6599 0.6444 0.6443 0.5399 0.6726 0.6174 0.5983 0.4920 0.6650 0.6217 0.5712 0.6471 0.4791 0.6445 0.6501 0.5916 0.6589 0.6726 
avg train acc: 0.6469 avg test acc: 0.6065 min train acc: 0.4122(4) min test acc: 0.4791(24)
Attack result:(0.49666666666666665, 0.4967741935483871, 0.5133333333333333) (154, 156, 144, 146)
iter 675:
0.5352 0.6798 0.7520 0.6111 0.4200 0.5870 0.6537 0.7653 0.6681 0.5934 0.7086 0.5253 0.6882 0.6979 0.7022 0.6136 0.7504 0.6633 0.6842 0.4427 0.7487 0.7178 0.5935 0.6423 0.4800 0.7293 0.7669 0.5063 0.7553 0.7703 
0.5148 0.6074 0.6141 0.5584 0.5684 0.6287 0.6251 0.6676 0.5962 0.5568 0.6100 0.5780 0.6615 0.6434 0.6510 0.5601 0.6796 0.6133 0.6008 0.4653 0.6653 0.5979 0.5569 0.6531 0.4577 0.6525 0.6580 0.5842 0.6662 0.6758 
avg train acc: 0.6484 avg test acc: 0.6056 min train acc: 0.4200(4) min test acc: 0.4577(24)
Attack result:(0.48333333333333334, 0.48355263157894735, 0.49) (147, 157, 143, 153)
iter 700:
0.5648 0.6816 0.7633 0.6644 0.4467 0.6344 0.6688 0.7703 0.6812 0.6239 0.6549 0.5804 0.6903 0.6925 0.7078 0.6107 0.7162 0.6915 0.6555 0.5071 0.7529 0.6923 0.6164 0.6762 0.4413 0.7322 0.7885 0.4942 0.7328 0.7913 
0.5446 0.6200 0.6401 0.5391 0.5589 0.6460 0.6139 0.6734 0.6160 0.5512 0.6113 0.5818 0.6670 0.6428 0.6426 0.5553 0.6950 0.6393 0.5713 0.4623 0.6583 0.5986 0.5669 0.6626 0.4669 0.6608 0.6731 0.5614 0.6836 0.6855 
avg train acc: 0.6575 avg test acc: 0.6097 min train acc: 0.4413(24) min test acc: 0.4623(19)
Attack result:(0.4816666666666667, 0.4820846905537459, 0.49333333333333335) (148, 159, 141, 152)
iter 725:
0.5577 0.7201 0.7731 0.6741 0.4919 0.6544 0.6875 0.7572 0.7122 0.5849 0.6762 0.6005 0.6444 0.7024 0.7098 0.6319 0.7755 0.7069 0.6361 0.5060 0.7330 0.6733 0.6095 0.7185 0.4735 0.7384 0.7820 0.4596 0.7781 0.7823 
0.5349 0.6266 0.6443 0.5400 0.5742 0.6584 0.6425 0.6720 0.6343 0.5609 0.6341 0.5881 0.6522 0.6523 0.6548 0.5857 0.6837 0.6446 0.5889 0.4446 0.6586 0.5983 0.5439 0.6677 0.4558 0.6600 0.6791 0.5475 0.6712 0.6759 
avg train acc: 0.6650 avg test acc: 0.6125 min train acc: 0.4596(27) min test acc: 0.4446(19)
Attack result:(0.48, 0.48148148148148145, 0.52) (156, 168, 132, 144)
iter 750:
0.5856 0.7338 0.7960 0.6834 0.5366 0.6827 0.7036 0.7750 0.6503 0.6218 0.6697 0.5333 0.6983 0.6970 0.7052 0.6488 0.7861 0.6991 0.6215 0.5314 0.7425 0.6808 0.6390 0.7015 0.5054 0.7513 0.7732 0.4402 0.7799 0.7765 
0.5734 0.6338 0.6437 0.5432 0.5683 0.6655 0.6484 0.6713 0.6143 0.5761 0.6203 0.5664 0.6560 0.6617 0.6565 0.5831 0.6871 0.6597 0.5716 0.4549 0.6537 0.6080 0.5556 0.6704 0.4759 0.6640 0.6696 0.5635 0.6797 0.6843 
avg train acc: 0.6716 avg test acc: 0.6160 min train acc: 0.4402(27) min test acc: 0.4549(19)
Attack result:(0.4633333333333333, 0.46745562130177515, 0.5266666666666666) (158, 180, 120, 142)
iter 775:
0.5762 0.7300 0.7880 0.6660 0.5852 0.6722 0.6969 0.7608 0.6533 0.6325 0.6444 0.5556 0.6825 0.6430 0.5979 0.6502 0.7823 0.7139 0.6047 0.5558 0.7877 0.6808 0.6259 0.7197 0.5134 0.7725 0.7771 0.3641 0.7208 0.7811 
0.5538 0.6421 0.6426 0.5597 0.5866 0.6556 0.6575 0.6762 0.6105 0.5877 0.6317 0.5725 0.6582 0.6605 0.6327 0.5560 0.6831 0.6579 0.5812 0.4422 0.6667 0.5994 0.5460 0.6681 0.4675 0.6539 0.6688 0.5257 0.6502 0.6710 
avg train acc: 0.6645 avg test acc: 0.6122 min train acc: 0.3641(27) min test acc: 0.4422(19)
Attack result:(0.4633333333333333, 0.4660493827160494, 0.5033333333333333) (151, 173, 127, 149)
iter 800:
0.5851 0.7394 0.7890 0.6993 0.5282 0.6648 0.7055 0.8038 0.6171 0.6456 0.6933 0.5158 0.6744 0.6600 0.5287 0.5987 0.7765 0.7127 0.6085 0.5768 0.7812 0.6828 0.5778 0.7356 0.5444 0.7820 0.7612 0.3706 0.7135 0.7969 
0.5649 0.6428 0.6477 0.5539 0.5863 0.6589 0.6645 0.6715 0.5549 0.5950 0.6355 0.5498 0.6562 0.6504 0.6083 0.5329 0.6853 0.6603 0.5646 0.4599 0.6799 0.6093 0.5563 0.6545 0.4781 0.6467 0.6565 0.5214 0.6449 0.6724 
avg train acc: 0.6623 avg test acc: 0.6088 min train acc: 0.3706(27) min test acc: 0.4599(19)
Attack result:(0.475, 0.4773413897280967, 0.5266666666666666) (158, 173, 127, 142)
***** Best Attack Result ********
{
    "iter": 480,
    "attack_metric": [
        0.5183333333333333,
        0.5176848874598071,
        0.5366666666666666
    ],
    "pred_distribution": [
        161,
        150,
        150,
        139
    ]
}
