************* DL Setting *************
   Seed = 3407
   Setting = s6
   Graph = er30
   Number of Attacker = 1
   Sample per user/ Num of Cover = 4166
   Num of member/non-member = 500
   Normal User Batch size = 128
   Attacker Batch size = 256
   Attack = angle
   Defense = trim
   data distribution = iid
   Init LR = 0.01
   LR Decay = [800]
   Max Iter = 800
   Normal Train Iter = 200
**************************************
iter 25:
0.2577 0.2298 0.2719 0.2610 0.2451 0.2608 0.2692 0.2720 0.2639 0.2441 0.2644 0.2467 0.2641 0.2787 0.2840 0.2329 0.2664 0.2505 0.2492 0.2068 0.2458 0.2626 0.2400 0.2499 0.2066 0.2839 0.2856 0.2596 0.2711 0.2587 
0.2367 0.2331 0.2645 0.2521 0.2453 0.2478 0.2628 0.2595 0.2650 0.2384 0.2466 0.2555 0.2589 0.2701 0.2642 0.2365 0.2651 0.2443 0.2466 0.2029 0.2565 0.2634 0.2398 0.2447 0.1974 0.2722 0.2718 0.2391 0.2635 0.2527 
avg train acc: 0.2561 avg test acc: 0.2499 min train acc: 0.2066(24) min test acc: 0.1974(24)
Attack result:(0.494, 0.4870689655172414, 0.226) (113, 119, 381, 387)
iter 50:
0.3281 0.3889 0.4205 0.2883 0.2631 0.4023 0.3823 0.4339 0.3666 0.2852 0.4023 0.3465 0.3944 0.4117 0.4039 0.3361 0.4036 0.4058 0.3393 0.2749 0.4144 0.3864 0.3143 0.4085 0.2604 0.3920 0.4075 0.3351 0.4183 0.4218 
0.3123 0.3917 0.4019 0.2889 0.2686 0.4012 0.3761 0.4164 0.3641 0.2842 0.3950 0.3445 0.4016 0.4001 0.3891 0.3415 0.4026 0.4020 0.3426 0.2725 0.4134 0.3811 0.3184 0.4088 0.2485 0.4021 0.4047 0.3271 0.4127 0.4078 
avg train acc: 0.3679 avg test acc: 0.3640 min train acc: 0.2604(24) min test acc: 0.2485(24)
Attack result:(0.515, 0.5245901639344263, 0.32) (160, 145, 355, 340)
iter 75:
0.4263 0.4601 0.4976 0.3921 0.3584 0.4745 0.4675 0.5020 0.4630 0.4008 0.4955 0.4278 0.4845 0.4895 0.4647 0.4138 0.4908 0.4767 0.4342 0.3040 0.4914 0.4309 0.4257 0.4871 0.3620 0.4746 0.4989 0.3728 0.4862 0.4899 
0.4092 0.4616 0.4812 0.4024 0.3697 0.4771 0.4634 0.4920 0.4636 0.3915 0.4773 0.4191 0.4856 0.4726 0.4494 0.4283 0.4823 0.4678 0.4331 0.3040 0.4887 0.4259 0.4189 0.4869 0.3516 0.4828 0.4872 0.3702 0.4860 0.4848 
avg train acc: 0.4481 avg test acc: 0.4438 min train acc: 0.3040(19) min test acc: 0.3040(19)
Attack result:(0.515, 0.5188916876574308, 0.412) (206, 191, 309, 294)
iter 100:
0.4783 0.4590 0.5275 0.4302 0.4017 0.5028 0.4853 0.5352 0.5108 0.4351 0.5198 0.4671 0.5269 0.5407 0.5108 0.4754 0.5313 0.5011 0.4629 0.2934 0.5167 0.4867 0.4755 0.5130 0.3672 0.5096 0.5417 0.4388 0.5240 0.5361 
0.4639 0.4684 0.5159 0.4280 0.4114 0.5007 0.4884 0.5249 0.4954 0.4197 0.5071 0.4650 0.5299 0.5242 0.5016 0.4892 0.5239 0.4870 0.4670 0.2995 0.5259 0.4795 0.4717 0.5152 0.3676 0.5132 0.5241 0.4285 0.5260 0.5260 
avg train acc: 0.4835 avg test acc: 0.4796 min train acc: 0.2934(19) min test acc: 0.2995(19)
Attack result:(0.51, 0.5112107623318386, 0.456) (228, 218, 282, 272)
iter 125:
0.4984 0.5134 0.5744 0.4876 0.4519 0.5558 0.5365 0.5817 0.5400 0.4827 0.5480 0.5314 0.5718 0.5773 0.5476 0.5028 0.5732 0.5419 0.5318 0.3499 0.5642 0.5310 0.4974 0.5612 0.3752 0.5542 0.5879 0.5273 0.5675 0.5770 
0.4768 0.5221 0.5657 0.4828 0.4576 0.5444 0.5356 0.5718 0.5275 0.4695 0.5385 0.5247 0.5650 0.5600 0.5428 0.5146 0.5729 0.5314 0.5342 0.3508 0.5690 0.5285 0.4930 0.5547 0.3791 0.5604 0.5755 0.5086 0.5713 0.5729 
avg train acc: 0.5280 avg test acc: 0.5234 min train acc: 0.3499(19) min test acc: 0.3508(19)
Attack result:(0.498, 0.4978813559322034, 0.47) (235, 237, 263, 265)
iter 150:
0.5188 0.5563 0.5999 0.5054 0.4873 0.5939 0.5701 0.6176 0.5591 0.5083 0.5913 0.5674 0.6027 0.5976 0.5453 0.5027 0.5939 0.6059 0.5724 0.4378 0.6065 0.5788 0.5245 0.5911 0.4317 0.5841 0.6130 0.5699 0.5995 0.6186 
0.4912 0.5597 0.5944 0.5092 0.4907 0.5832 0.5660 0.5976 0.5404 0.5020 0.5749 0.5662 0.5924 0.5832 0.5427 0.5151 0.5937 0.5860 0.5661 0.4437 0.5999 0.5774 0.5229 0.5858 0.4278 0.5858 0.6028 0.5591 0.5968 0.6044 
avg train acc: 0.5617 avg test acc: 0.5554 min train acc: 0.4317(24) min test acc: 0.4278(24)
Attack result:(0.506, 0.5060483870967742, 0.502) (251, 245, 255, 249)
iter 175:
0.5209 0.6133 0.6114 0.5564 0.5241 0.6020 0.6167 0.6208 0.5787 0.5773 0.5976 0.6019 0.6262 0.6224 0.5695 0.5377 0.6231 0.6108 0.6058 0.4737 0.6265 0.5937 0.5427 0.6107 0.4420 0.6102 0.6254 0.5903 0.6284 0.6376 
0.4949 0.6112 0.6043 0.5581 0.5330 0.5917 0.6127 0.6095 0.5604 0.5654 0.5847 0.5914 0.6118 0.6046 0.5656 0.5477 0.6153 0.5985 0.6036 0.4747 0.6208 0.5918 0.5428 0.6017 0.4517 0.6076 0.6185 0.5822 0.6193 0.6162 
avg train acc: 0.5866 avg test acc: 0.5797 min train acc: 0.4420(24) min test acc: 0.4517(24)
Attack result:(0.503, 0.503030303030303, 0.498) (249, 246, 254, 251)
iter 200:
0.5143 0.6182 0.6344 0.5902 0.5864 0.6290 0.6364 0.6219 0.5712 0.6105 0.6248 0.6214 0.6448 0.6432 0.5968 0.5669 0.6423 0.6409 0.6190 0.5560 0.6399 0.6255 0.5590 0.6277 0.4966 0.6381 0.6416 0.6100 0.6418 0.6474 
0.4938 0.6168 0.6202 0.6017 0.5922 0.6246 0.6292 0.6155 0.5489 0.6004 0.6149 0.6056 0.6228 0.6306 0.5896 0.5792 0.6364 0.6265 0.6096 0.5557 0.6340 0.6139 0.5589 0.6097 0.5035 0.6329 0.6311 0.5996 0.6395 0.6296 
avg train acc: 0.6099 avg test acc: 0.6022 min train acc: 0.4966(24) min test acc: 0.4938(0)
Attack result:(0.504, 0.5041666666666667, 0.484) (242, 238, 262, 258)
iter 225:
0.5856 0.6389 0.6384 0.6109 0.6011 0.6610 0.6520 0.6549 0.6051 0.6249 0.6492 0.6221 0.6485 0.6491 0.6257 0.5805 0.6623 0.6632 0.6330 0.5726 0.6682 0.6425 0.5763 0.6390 0.5483 0.6440 0.6682 0.6268 0.6559 0.6683 
0.5682 0.6327 0.6335 0.6172 0.6051 0.6523 0.6483 0.6377 0.5862 0.6099 0.6312 0.6109 0.6343 0.6310 0.6088 0.5843 0.6529 0.6477 0.6262 0.5719 0.6545 0.6343 0.5783 0.6258 0.5487 0.6347 0.6558 0.6141 0.6527 0.6530 
avg train acc: 0.6306 avg test acc: 0.6214 min train acc: 0.5483(24) min test acc: 0.5487(24)
Attack result:(0.478, 0.4797794117647059, 0.522) (261, 283, 217, 239)
iter 250:
0.6145 0.6508 0.6542 0.6215 0.6081 0.6690 0.6580 0.6682 0.6255 0.6298 0.6646 0.6417 0.6700 0.6639 0.6186 0.5948 0.6739 0.6681 0.6471 0.5552 0.6756 0.6469 0.5987 0.6531 0.5720 0.6321 0.6806 0.6257 0.6564 0.6778 
0.5938 0.6468 0.6535 0.6279 0.6066 0.6561 0.6532 0.6534 0.6076 0.6105 0.6468 0.6365 0.6531 0.6464 0.6117 0.5984 0.6641 0.6551 0.6366 0.5597 0.6661 0.6392 0.5931 0.6449 0.5732 0.6231 0.6659 0.6139 0.6560 0.6671 
avg train acc: 0.6405 avg test acc: 0.6320 min train acc: 0.5552(19) min test acc: 0.5597(19)
Attack result:(0.474, 0.47766323024054985, 0.556) (278, 304, 196, 222)
iter 275:
0.6401 0.6669 0.6589 0.6362 0.6307 0.6821 0.6805 0.6892 0.6522 0.6489 0.6719 0.6526 0.6751 0.6818 0.6478 0.6289 0.6893 0.6818 0.6596 0.5691 0.6968 0.6645 0.6135 0.6638 0.5958 0.6370 0.6883 0.6460 0.6706 0.6964 
0.6274 0.6568 0.6613 0.6418 0.6277 0.6686 0.6737 0.6651 0.6389 0.6287 0.6530 0.6452 0.6596 0.6630 0.6382 0.6319 0.6782 0.6619 0.6459 0.5715 0.6763 0.6532 0.6090 0.6491 0.5957 0.6237 0.6730 0.6332 0.6666 0.6786 
avg train acc: 0.6572 avg test acc: 0.6466 min train acc: 0.5691(19) min test acc: 0.5715(19)
Attack result:(0.455, 0.46317512274959083, 0.566) (283, 328, 172, 217)
iter 300:
0.6462 0.6645 0.6808 0.6511 0.6487 0.7023 0.6916 0.6889 0.6605 0.6527 0.6898 0.6635 0.6859 0.7035 0.6683 0.6489 0.6997 0.6924 0.6750 0.6123 0.7030 0.6821 0.6319 0.6755 0.6133 0.6623 0.7063 0.6648 0.6868 0.7043 
0.6324 0.6586 0.6735 0.6575 0.6455 0.6835 0.6779 0.6771 0.6504 0.6402 0.6758 0.6514 0.6658 0.6799 0.6574 0.6506 0.6884 0.6736 0.6670 0.6161 0.6875 0.6643 0.6177 0.6563 0.6148 0.6489 0.6879 0.6558 0.6804 0.6843 
avg train acc: 0.6719 avg test acc: 0.6607 min train acc: 0.6123(19) min test acc: 0.6148(24)
Attack result:(0.46, 0.46677740863787376, 0.562) (281, 321, 179, 219)
iter 325:
0.6550 0.6822 0.6914 0.6611 0.6652 0.7131 0.7029 0.6973 0.6872 0.6703 0.6968 0.6747 0.6684 0.7136 0.7036 0.6787 0.7201 0.7041 0.6884 0.6234 0.7148 0.6863 0.6107 0.6670 0.6152 0.6744 0.7246 0.6583 0.7074 0.7173 
0.6406 0.6714 0.6849 0.6680 0.6603 0.6967 0.6875 0.6786 0.6724 0.6570 0.6772 0.6679 0.6556 0.6940 0.6877 0.6772 0.7025 0.6859 0.6781 0.6321 0.6964 0.6707 0.6026 0.6526 0.6148 0.6574 0.7022 0.6487 0.6993 0.6975 
avg train acc: 0.6825 avg test acc: 0.6706 min train acc: 0.6107(22) min test acc: 0.6026(22)
Attack result:(0.485, 0.48796147672552165, 0.608) (304, 319, 181, 196)
iter 350:
0.6654 0.6936 0.7073 0.6727 0.6492 0.7134 0.7168 0.7243 0.7116 0.6646 0.7021 0.6876 0.6936 0.7263 0.7096 0.6827 0.7220 0.7061 0.6900 0.6090 0.7256 0.6841 0.6099 0.6923 0.6077 0.6631 0.7190 0.6614 0.7050 0.7275 
0.6418 0.6839 0.6988 0.6705 0.6452 0.6955 0.6997 0.7025 0.6927 0.6471 0.6857 0.6798 0.6744 0.7042 0.6923 0.6835 0.7111 0.6914 0.6802 0.6218 0.7099 0.6714 0.6008 0.6802 0.6054 0.6441 0.7037 0.6491 0.7019 0.7058 
avg train acc: 0.6881 avg test acc: 0.6758 min train acc: 0.6077(24) min test acc: 0.6008(22)
Attack result:(0.488, 0.4904153354632588, 0.614) (307, 319, 181, 193)
iter 375:
0.6647 0.7097 0.7180 0.6637 0.6302 0.7192 0.7170 0.7380 0.7183 0.6388 0.7114 0.6663 0.6950 0.7399 0.7229 0.6930 0.7336 0.7237 0.6783 0.6008 0.7367 0.6733 0.5908 0.7053 0.5859 0.6767 0.7184 0.6385 0.7099 0.7345 
0.6420 0.6973 0.7122 0.6611 0.6286 0.7049 0.7078 0.7126 0.7039 0.6252 0.6913 0.6637 0.6751 0.7161 0.7050 0.6875 0.7181 0.7019 0.6629 0.6026 0.7169 0.6638 0.5858 0.6919 0.5841 0.6589 0.7068 0.6307 0.7029 0.7086 
avg train acc: 0.6884 avg test acc: 0.6757 min train acc: 0.5859(24) min test acc: 0.5841(24)
Attack result:(0.493, 0.49445324881141045, 0.624) (312, 319, 181, 188)
iter 400:
0.6511 0.7024 0.7255 0.6514 0.5969 0.7326 0.7163 0.7514 0.7290 0.6156 0.7229 0.6449 0.7146 0.7465 0.7461 0.6819 0.7413 0.7357 0.6681 0.5356 0.7422 0.6572 0.5932 0.7353 0.5232 0.7147 0.7465 0.6141 0.7244 0.7435 
0.6318 0.6982 0.7174 0.6529 0.5933 0.7208 0.7058 0.7269 0.7133 0.5972 0.7046 0.6408 0.7003 0.7240 0.7238 0.6829 0.7278 0.7164 0.6599 0.5345 0.7260 0.6434 0.5871 0.7146 0.5311 0.6992 0.7221 0.6068 0.7116 0.7187 
avg train acc: 0.6868 avg test acc: 0.6744 min train acc: 0.5232(24) min test acc: 0.5311(24)
Attack result:(0.501, 0.5008264462809917, 0.606) (303, 302, 198, 197)
iter 410:
0.6570 0.7014 0.7299 0.6495 0.5969 0.7276 0.7200 0.7516 0.7339 0.6184 0.7168 0.6514 0.7103 0.7465 0.7455 0.6951 0.7437 0.7269 0.6691 0.5122 0.7418 0.6534 0.5927 0.7301 0.5258 0.7378 0.7379 0.6057 0.7258 0.7396 
0.6374 0.6906 0.7208 0.6470 0.5964 0.7141 0.7061 0.7282 0.7184 0.5934 0.7016 0.6446 0.6973 0.7255 0.7239 0.6919 0.7250 0.7115 0.6557 0.5171 0.7215 0.6402 0.5873 0.7179 0.5277 0.7135 0.7221 0.6011 0.7180 0.7172 
avg train acc: 0.6865 avg test acc: 0.6738 min train acc: 0.5122(19) min test acc: 0.5171(19)
Attack result:(0.493, 0.4944178628389155, 0.62) (310, 317, 183, 190)
iter 420:
0.6724 0.6882 0.7265 0.6352 0.5891 0.7334 0.7067 0.7494 0.7366 0.6044 0.7277 0.6495 0.7400 0.7520 0.7483 0.7063 0.7454 0.7212 0.6540 0.4968 0.7425 0.6685 0.6152 0.7407 0.5261 0.7275 0.7349 0.6123 0.7331 0.7500 
0.6514 0.6787 0.7219 0.6301 0.5852 0.7196 0.6919 0.7289 0.7201 0.5843 0.7048 0.6471 0.7141 0.7290 0.7316 0.6963 0.7303 0.7071 0.6463 0.4969 0.7228 0.6519 0.6073 0.7228 0.5274 0.7151 0.7209 0.6106 0.7218 0.7274 
avg train acc: 0.6878 avg test acc: 0.6748 min train acc: 0.4968(19) min test acc: 0.4969(19)
Attack result:(0.499, 0.49920508744038156, 0.628) (314, 315, 185, 186)
iter 430:
0.6748 0.6737 0.7265 0.6452 0.5959 0.7318 0.7029 0.7591 0.7306 0.6161 0.7176 0.6561 0.7416 0.7498 0.7497 0.7067 0.7458 0.7070 0.6793 0.4728 0.7445 0.6636 0.6237 0.7421 0.5265 0.7386 0.7456 0.6120 0.7431 0.7561 
0.6558 0.6692 0.7163 0.6439 0.5977 0.7120 0.6945 0.7310 0.7143 0.5983 0.6997 0.6516 0.7212 0.7288 0.7284 0.6981 0.7288 0.6968 0.6675 0.4780 0.7251 0.6417 0.6203 0.7223 0.5320 0.7218 0.7270 0.6050 0.7275 0.7261 
avg train acc: 0.6893 avg test acc: 0.6760 min train acc: 0.4728(19) min test acc: 0.4780(19)
Attack result:(0.482, 0.48615384615384616, 0.632) (316, 334, 166, 184)
iter 440:
0.7029 0.6839 0.7341 0.6394 0.6098 0.7253 0.7049 0.7572 0.7420 0.6315 0.7183 0.6609 0.7461 0.7525 0.7524 0.7172 0.7522 0.7092 0.6780 0.4825 0.7472 0.6741 0.6479 0.7491 0.5308 0.7518 0.7433 0.6567 0.7392 0.7555 
0.6776 0.6751 0.7249 0.6382 0.6125 0.7125 0.6963 0.7318 0.7245 0.6129 0.6979 0.6582 0.7270 0.7344 0.7322 0.7086 0.7358 0.6947 0.6647 0.4836 0.7292 0.6541 0.6408 0.7313 0.5363 0.7300 0.7318 0.6420 0.7323 0.7312 
avg train acc: 0.6965 avg test acc: 0.6834 min train acc: 0.4825(19) min test acc: 0.4836(19)
Attack result:(0.488, 0.49096385542168675, 0.652) (326, 338, 162, 174)
iter 450:
0.7039 0.6693 0.7355 0.6487 0.6269 0.7280 0.7059 0.7675 0.7535 0.6432 0.7308 0.6783 0.7552 0.7538 0.7529 0.7265 0.7496 0.7071 0.6802 0.5017 0.7506 0.6839 0.6608 0.7582 0.5488 0.7473 0.7542 0.6560 0.7535 0.7594 
0.6849 0.6664 0.7310 0.6437 0.6231 0.7137 0.6953 0.7359 0.7302 0.6204 0.7108 0.6757 0.7333 0.7331 0.7298 0.7117 0.7373 0.6996 0.6690 0.5028 0.7308 0.6634 0.6578 0.7360 0.5535 0.7298 0.7345 0.6451 0.7365 0.7348 
avg train acc: 0.7030 avg test acc: 0.6890 min train acc: 0.5017(19) min test acc: 0.5028(19)
Attack result:(0.496, 0.4970588235294118, 0.676) (338, 342, 158, 162)
iter 460:
0.7138 0.6646 0.7350 0.6668 0.6356 0.7338 0.7045 0.7643 0.7494 0.6599 0.7361 0.6805 0.7546 0.7657 0.7585 0.7258 0.7556 0.7089 0.6967 0.4913 0.7497 0.7015 0.6816 0.7582 0.5610 0.7554 0.7585 0.6619 0.7542 0.7620 
0.6877 0.6554 0.7266 0.6625 0.6362 0.7177 0.6958 0.7358 0.7312 0.6346 0.7197 0.6795 0.7366 0.7408 0.7347 0.7160 0.7408 0.6974 0.6824 0.4956 0.7349 0.6858 0.6755 0.7359 0.5667 0.7398 0.7409 0.6511 0.7378 0.7407 
avg train acc: 0.7082 avg test acc: 0.6945 min train acc: 0.4913(19) min test acc: 0.4956(19)
Attack result:(0.496, 0.49707602339181284, 0.68) (340, 344, 156, 160)
iter 470:
0.7340 0.6745 0.7418 0.6654 0.6467 0.7331 0.7059 0.7640 0.7526 0.6629 0.7360 0.6915 0.7545 0.7578 0.7526 0.7270 0.7513 0.7021 0.7127 0.5154 0.7593 0.7038 0.7038 0.7617 0.5861 0.7471 0.7541 0.6892 0.7497 0.7618 
0.7054 0.6669 0.7246 0.6616 0.6417 0.7185 0.6971 0.7383 0.7344 0.6383 0.7191 0.6866 0.7380 0.7336 0.7341 0.7163 0.7383 0.6951 0.6948 0.5108 0.7365 0.6821 0.6944 0.7404 0.5909 0.7333 0.7374 0.6745 0.7393 0.7394 
avg train acc: 0.7133 avg test acc: 0.6987 min train acc: 0.5154(19) min test acc: 0.5108(19)
Attack result:(0.483, 0.4879089615931721, 0.686) (343, 360, 140, 157)
iter 480:
0.7268 0.6634 0.7393 0.6618 0.6489 0.7453 0.6974 0.7647 0.7583 0.6571 0.7517 0.6892 0.7543 0.7667 0.7619 0.7312 0.7617 0.7210 0.7010 0.5481 0.7571 0.7263 0.7151 0.7519 0.6114 0.7673 0.7592 0.7013 0.7551 0.7676 
0.7011 0.6528 0.7278 0.6560 0.6483 0.7251 0.6931 0.7330 0.7383 0.6364 0.7314 0.6865 0.7417 0.7411 0.7421 0.7223 0.7434 0.7056 0.6845 0.5418 0.7363 0.7067 0.7031 0.7375 0.6104 0.7407 0.7410 0.6903 0.7413 0.7438 
avg train acc: 0.7187 avg test acc: 0.7034 min train acc: 0.5481(19) min test acc: 0.5418(19)
Attack result:(0.487, 0.4909090909090909, 0.702) (351, 364, 136, 149)
iter 490:
0.7306 0.6819 0.7441 0.6920 0.6827 0.7299 0.7218 0.7768 0.7544 0.6828 0.7423 0.7113 0.7608 0.7671 0.7530 0.7476 0.7628 0.6927 0.7284 0.5341 0.7528 0.7211 0.7076 0.7707 0.6027 0.7501 0.7684 0.6929 0.7580 0.7712 
0.7089 0.6704 0.7328 0.6834 0.6805 0.7138 0.7104 0.7449 0.7379 0.6658 0.7273 0.7040 0.7440 0.7385 0.7345 0.7298 0.7461 0.6829 0.7084 0.5299 0.7368 0.7015 0.6992 0.7469 0.6072 0.7314 0.7437 0.6814 0.7465 0.7474 
avg train acc: 0.7231 avg test acc: 0.7079 min train acc: 0.5341(19) min test acc: 0.5299(19)
Attack result:(0.488, 0.4915254237288136, 0.696) (348, 360, 140, 152)
iter 500:
0.7287 0.6795 0.7376 0.7020 0.6883 0.7413 0.7192 0.7684 0.7642 0.6969 0.7545 0.7143 0.7546 0.7694 0.7622 0.7418 0.7669 0.7132 0.7322 0.5407 0.7601 0.7204 0.7203 0.7581 0.6202 0.7491 0.7712 0.7122 0.7615 0.7747 
0.7005 0.6674 0.7217 0.6959 0.6792 0.7237 0.7086 0.7412 0.7440 0.6734 0.7320 0.7077 0.7385 0.7421 0.7398 0.7278 0.7469 0.7029 0.7137 0.5381 0.7440 0.7054 0.7072 0.7415 0.6201 0.7349 0.7475 0.6987 0.7459 0.7432 
avg train acc: 0.7275 avg test acc: 0.7111 min train acc: 0.5407(19) min test acc: 0.5381(19)
Attack result:(0.486, 0.49, 0.686) (343, 357, 143, 157)
iter 525:
0.7174 0.6913 0.7460 0.7085 0.7057 0.7364 0.7412 0.7785 0.7600 0.7076 0.7603 0.7224 0.7559 0.7679 0.7537 0.7461 0.7624 0.7020 0.7432 0.5568 0.7623 0.7389 0.7057 0.7673 0.6251 0.7473 0.7757 0.7115 0.7696 0.7790 
0.6952 0.6781 0.7384 0.7040 0.6977 0.7182 0.7286 0.7472 0.7409 0.6979 0.7388 0.7173 0.7417 0.7398 0.7289 0.7321 0.7485 0.6880 0.7275 0.5477 0.7469 0.7207 0.6974 0.7433 0.6302 0.7257 0.7511 0.6932 0.7504 0.7506 
avg train acc: 0.7315 avg test acc: 0.7155 min train acc: 0.5568(19) min test acc: 0.5477(19)
Attack result:(0.49, 0.492816091954023, 0.686) (343, 353, 147, 157)
iter 550:
0.7092 0.7068 0.7495 0.7105 0.7258 0.7429 0.7491 0.7736 0.7680 0.7136 0.7579 0.7314 0.7604 0.7617 0.7514 0.7474 0.7680 0.7132 0.7443 0.5824 0.7785 0.7371 0.7102 0.7574 0.6236 0.7374 0.7824 0.7133 0.7736 0.7845 
0.6896 0.6990 0.7393 0.7079 0.7161 0.7224 0.7376 0.7476 0.7447 0.7084 0.7379 0.7254 0.7418 0.7390 0.7308 0.7241 0.7534 0.7035 0.7275 0.5752 0.7551 0.7202 0.6930 0.7390 0.6297 0.7195 0.7535 0.7006 0.7526 0.7519 
avg train acc: 0.7355 avg test acc: 0.7195 min train acc: 0.5824(19) min test acc: 0.5752(19)
Attack result:(0.485, 0.48905109489051096, 0.67) (335, 350, 150, 165)
iter 575:
0.6817 0.7199 0.7545 0.7216 0.7011 0.7644 0.7502 0.7781 0.7516 0.6984 0.7551 0.7231 0.7628 0.7689 0.7661 0.7275 0.7818 0.7428 0.7471 0.6073 0.7828 0.7558 0.6882 0.7559 0.6353 0.7457 0.7877 0.7236 0.7785 0.7929 
0.6667 0.7028 0.7435 0.7080 0.6903 0.7407 0.7399 0.7484 0.7297 0.6913 0.7371 0.7171 0.7417 0.7458 0.7391 0.7097 0.7598 0.7292 0.7261 0.5977 0.7588 0.7310 0.6812 0.7385 0.6290 0.7285 0.7597 0.7186 0.7564 0.7589 
avg train acc: 0.7383 avg test acc: 0.7209 min train acc: 0.6073(19) min test acc: 0.5977(19)
Attack result:(0.488, 0.49085365853658536, 0.644) (322, 334, 166, 178)
iter 600:
0.6804 0.7262 0.7472 0.7138 0.6916 0.7654 0.7460 0.7770 0.7501 0.7078 0.7490 0.7211 0.7547 0.7879 0.7669 0.7351 0.7858 0.7564 0.7519 0.6134 0.7803 0.7439 0.6920 0.7506 0.6290 0.7662 0.7863 0.7456 0.7770 0.7886 
0.6590 0.7096 0.7297 0.7043 0.6867 0.7429 0.7346 0.7464 0.7271 0.6906 0.7305 0.7154 0.7367 0.7568 0.7409 0.7161 0.7611 0.7412 0.7321 0.6057 0.7579 0.7241 0.6793 0.7327 0.6243 0.7460 0.7584 0.7261 0.7574 0.7576 
avg train acc: 0.7396 avg test acc: 0.7210 min train acc: 0.6134(19) min test acc: 0.6057(19)
Attack result:(0.483, 0.4868624420401855, 0.63) (315, 332, 168, 185)
iter 625:
0.7080 0.7344 0.7688 0.7122 0.7027 0.7677 0.7520 0.7948 0.7656 0.7073 0.7715 0.7313 0.7716 0.7869 0.7676 0.7344 0.7877 0.7629 0.7504 0.6137 0.7800 0.7616 0.7149 0.7786 0.6468 0.7655 0.7933 0.7339 0.7893 0.8002 
0.6894 0.7210 0.7575 0.7063 0.6908 0.7457 0.7404 0.7613 0.7443 0.6944 0.7496 0.7187 0.7551 0.7580 0.7433 0.7185 0.7619 0.7440 0.7395 0.6091 0.7631 0.7410 0.7034 0.7537 0.6366 0.7463 0.7692 0.7196 0.7598 0.7669 
avg train acc: 0.7485 avg test acc: 0.7303 min train acc: 0.6137(19) min test acc: 0.6091(19)
Attack result:(0.483, 0.48751835535976507, 0.664) (332, 349, 151, 168)
iter 650:
0.7265 0.7499 0.7797 0.7345 0.7411 0.7652 0.7727 0.7976 0.7739 0.7348 0.7750 0.7516 0.7916 0.7938 0.7817 0.7556 0.7884 0.7557 0.7584 0.6194 0.8015 0.7673 0.7355 0.7813 0.6500 0.7687 0.7981 0.7362 0.7941 0.7985 
0.7076 0.7352 0.7617 0.7257 0.7250 0.7420 0.7520 0.7674 0.7490 0.7187 0.7525 0.7395 0.7640 0.7645 0.7557 0.7298 0.7680 0.7384 0.7412 0.6162 0.7714 0.7424 0.7163 0.7572 0.6383 0.7505 0.7712 0.7242 0.7667 0.7680 
avg train acc: 0.7593 avg test acc: 0.7387 min train acc: 0.6194(19) min test acc: 0.6162(19)
Attack result:(0.479, 0.48497854077253216, 0.678) (339, 360, 140, 161)
iter 675:
0.7225 0.7656 0.7820 0.7400 0.7465 0.7663 0.7868 0.8088 0.7721 0.7438 0.7679 0.7609 0.7922 0.7993 0.7850 0.7721 0.8033 0.7489 0.7702 0.6113 0.7943 0.7656 0.7341 0.7798 0.6549 0.7731 0.8014 0.7310 0.7934 0.8075 
0.7050 0.7490 0.7712 0.7385 0.7328 0.7439 0.7662 0.7733 0.7507 0.7296 0.7483 0.7512 0.7685 0.7705 0.7540 0.7503 0.7764 0.7354 0.7532 0.6040 0.7711 0.7398 0.7158 0.7684 0.6442 0.7540 0.7728 0.7290 0.7701 0.7724 
avg train acc: 0.7627 avg test acc: 0.7436 min train acc: 0.6113(19) min test acc: 0.6040(19)
Attack result:(0.489, 0.4921090387374462, 0.686) (343, 354, 146, 157)
iter 700:
0.7364 0.7514 0.7764 0.7286 0.7351 0.7759 0.7663 0.8033 0.7795 0.7418 0.7805 0.7450 0.7888 0.8096 0.7871 0.7724 0.8023 0.7598 0.7678 0.6221 0.7946 0.7759 0.7422 0.7769 0.6795 0.7815 0.8040 0.7559 0.7983 0.8116 
0.7133 0.7347 0.7590 0.7213 0.7188 0.7522 0.7544 0.7695 0.7542 0.7205 0.7598 0.7332 0.7670 0.7745 0.7559 0.7532 0.7744 0.7437 0.7481 0.6167 0.7727 0.7500 0.7248 0.7589 0.6664 0.7628 0.7734 0.7408 0.7701 0.7743 
avg train acc: 0.7650 avg test acc: 0.7439 min train acc: 0.6221(19) min test acc: 0.6167(19)
Attack result:(0.489, 0.4921985815602837, 0.694) (347, 358, 142, 153)
iter 725:
0.7392 0.7382 0.7828 0.7186 0.7184 0.7809 0.7618 0.8064 0.7895 0.7283 0.7905 0.7257 0.7877 0.8039 0.7909 0.7667 0.8066 0.7739 0.7575 0.5986 0.8043 0.7729 0.7580 0.7795 0.6797 0.7787 0.8046 0.7438 0.8037 0.8093 
0.7229 0.7201 0.7666 0.7129 0.6995 0.7580 0.7494 0.7733 0.7654 0.7117 0.7653 0.7160 0.7712 0.7753 0.7629 0.7477 0.7764 0.7554 0.7441 0.5967 0.7765 0.7548 0.7351 0.7643 0.6655 0.7626 0.7798 0.7322 0.7732 0.7795 
avg train acc: 0.7633 avg test acc: 0.7438 min train acc: 0.5986(19) min test acc: 0.5967(19)
Attack result:(0.498, 0.4986187845303867, 0.722) (361, 363, 137, 139)
iter 750:
0.7421 0.7392 0.7970 0.7154 0.7231 0.7806 0.7693 0.8073 0.7813 0.7316 0.7893 0.7306 0.8042 0.8155 0.7984 0.7774 0.8087 0.7740 0.7440 0.5864 0.8058 0.7861 0.7527 0.7881 0.6575 0.7901 0.8025 0.7405 0.8144 0.8200 
0.7245 0.7215 0.7767 0.7049 0.7079 0.7602 0.7483 0.7737 0.7549 0.7098 0.7675 0.7205 0.7782 0.7816 0.7671 0.7520 0.7810 0.7536 0.7304 0.5921 0.7777 0.7604 0.7352 0.7630 0.6477 0.7669 0.7811 0.7284 0.7823 0.7839 
avg train acc: 0.7658 avg test acc: 0.7444 min train acc: 0.5864(19) min test acc: 0.5921(19)
Attack result:(0.482, 0.48732394366197185, 0.692) (346, 364, 136, 154)
iter 775:
0.7262 0.7572 0.8026 0.7151 0.7319 0.7709 0.7882 0.8191 0.7945 0.7362 0.7970 0.7379 0.8056 0.8174 0.7997 0.7801 0.8137 0.7757 0.7585 0.5629 0.8060 0.7648 0.7377 0.7914 0.6488 0.7901 0.8127 0.7232 0.8088 0.8193 
0.7086 0.7369 0.7846 0.7103 0.7118 0.7488 0.7629 0.7837 0.7687 0.7045 0.7655 0.7261 0.7825 0.7826 0.7679 0.7628 0.7857 0.7529 0.7393 0.5666 0.7847 0.7459 0.7191 0.7772 0.6406 0.7658 0.7868 0.7134 0.7812 0.7813 
avg train acc: 0.7664 avg test acc: 0.7450 min train acc: 0.5629(19) min test acc: 0.5666(19)
Attack result:(0.489, 0.49222065063649223, 0.696) (348, 359, 141, 152)
iter 800:
0.7352 0.7755 0.8013 0.7162 0.7338 0.7668 0.7846 0.8181 0.7952 0.7453 0.7881 0.7450 0.8025 0.8107 0.7854 0.7832 0.8105 0.7645 0.7729 0.5584 0.8115 0.7627 0.7366 0.7940 0.6520 0.7828 0.8169 0.7252 0.8057 0.8168 
0.7161 0.7482 0.7803 0.7139 0.7136 0.7472 0.7659 0.7832 0.7671 0.7181 0.7643 0.7297 0.7818 0.7742 0.7543 0.7633 0.7837 0.7427 0.7522 0.5674 0.7847 0.7402 0.7194 0.7718 0.6382 0.7629 0.7852 0.7134 0.7762 0.7798 
avg train acc: 0.7666 avg test acc: 0.7446 min train acc: 0.5584(19) min test acc: 0.5674(19)
Attack result:(0.486, 0.4900568181818182, 0.69) (345, 359, 141, 155)
***** Best Attack Result ********
{
    "iter": 50,
    "attack_metric": [
        0.515,
        0.5245901639344263,
        0.32
    ],
    "pred_distribution": [
        160,
        145,
        355,
        340
    ]
}
