************* DL Setting *************
   Seed = 3407
   Setting = s6
   Graph = smallworld30
   Number of Attacker = 1
   Sample per user/ Num of Cover = 4166
   Num of member/non-member = 500
   Normal User Batch size = 128
   Attacker Batch size = 256
   Attack = angle
   Defense = trim
   data distribution = non-iid
   Init LR = 0.01
   LR Decay = [800]
   Max Iter = 800
   Normal Train Iter = 200
**************************************
iter 25:
0.1048 0.2808 0.3540 0.2294 0.3837 0.2558 0.3173 0.3301 0.2629 0.2874 0.3856 0.2608 0.3103 0.3173 0.3892 0.1001 0.3355 0.1724 0.4140 0.4268 0.3082 0.2969 0.2781 0.4018 0.2430 0.3411 0.3776 0.4374 0.5281 0.3684 
0.0981 0.0789 0.0778 0.0750 0.0596 0.0499 0.0700 0.0383 0.0392 0.0493 0.0560 0.0431 0.0313 0.0330 0.0432 0.0491 0.0524 0.0367 0.0584 0.0393 0.0301 0.0387 0.0599 0.0359 0.0712 0.0799 0.0865 0.0715 0.0772 0.0757 
avg train acc: 0.3166 avg test acc: 0.0568 min train acc: 0.1001(15) min test acc: 0.0301(20)
Attack result:(0.49, 0.4489795918367347, 0.088) (44, 54, 446, 456)
iter 50:
0.1865 0.4610 0.3797 0.4771 0.2920 0.3817 0.3496 0.3977 0.5222 0.4660 0.2559 0.3946 0.4679 0.4189 0.4205 0.1930 0.2844 0.1816 0.4384 0.4507 0.4397 0.3264 0.3703 0.4200 0.3301 0.2310 0.4694 0.3763 0.5202 0.3030 
0.1745 0.2053 0.1753 0.2083 0.1505 0.1717 0.1794 0.1698 0.1621 0.1621 0.1728 0.1795 0.1660 0.1389 0.1545 0.1083 0.1517 0.1086 0.1617 0.1688 0.1343 0.1144 0.1694 0.1187 0.1612 0.1485 0.1795 0.1934 0.1758 0.1798 
avg train acc: 0.3735 avg test acc: 0.1615 min train acc: 0.1816(17) min test acc: 0.1083(15)
Attack result:(0.515, 0.5454545454545454, 0.18) (90, 75, 425, 410)
iter 75:
0.2184 0.5302 0.4979 0.4692 0.3419 0.4259 0.4732 0.5059 0.5575 0.5032 0.3546 0.4920 0.4792 0.4994 0.5963 0.2494 0.4547 0.3834 0.5309 0.4593 0.4951 0.2902 0.4931 0.2999 0.3901 0.2407 0.5573 0.5222 0.5655 0.3285 
0.2040 0.2804 0.2383 0.3149 0.2504 0.2415 0.2726 0.2985 0.2338 0.2361 0.2546 0.2942 0.2796 0.2296 0.2430 0.1729 0.2237 0.1795 0.2648 0.2435 0.2276 0.1771 0.2771 0.1824 0.2500 0.1937 0.3108 0.2858 0.2691 0.2381 
avg train acc: 0.4402 avg test acc: 0.2456 min train acc: 0.2184(0) min test acc: 0.1729(15)
Attack result:(0.511, 0.5260663507109005, 0.222) (111, 100, 400, 389)
iter 100:
0.3081 0.5754 0.5544 0.5453 0.4386 0.4889 0.4196 0.5535 0.5241 0.5830 0.4380 0.4972 0.4955 0.5050 0.5555 0.3844 0.5168 0.4052 0.5422 0.4858 0.5211 0.4025 0.5343 0.4186 0.4172 0.3383 0.6193 0.5603 0.5561 0.4433 
0.2944 0.3722 0.3197 0.3741 0.3132 0.3038 0.3411 0.3561 0.3431 0.3116 0.3185 0.3280 0.3360 0.3028 0.3198 0.2607 0.2984 0.2689 0.3647 0.3207 0.2984 0.2590 0.3583 0.2521 0.3195 0.2641 0.3711 0.3474 0.3286 0.2902 
avg train acc: 0.4876 avg test acc: 0.3179 min train acc: 0.3081(0) min test acc: 0.2521(23)
Attack result:(0.508, 0.5136054421768708, 0.302) (151, 143, 357, 349)
iter 125:
0.3519 0.5915 0.5381 0.5909 0.4629 0.5268 0.4901 0.5915 0.5349 0.5149 0.4779 0.5875 0.5535 0.5281 0.6175 0.4198 0.4549 0.4248 0.5502 0.5217 0.5639 0.4201 0.5808 0.4406 0.5167 0.3733 0.6655 0.5018 0.6258 0.4870 
0.3391 0.3889 0.3766 0.4270 0.3808 0.3654 0.4070 0.3942 0.3793 0.3842 0.3949 0.4204 0.4237 0.3540 0.3739 0.3076 0.3580 0.3278 0.4100 0.3624 0.3414 0.3352 0.4070 0.3116 0.3706 0.3375 0.4047 0.4041 0.3668 0.3284 
avg train acc: 0.5168 avg test acc: 0.3728 min train acc: 0.3519(0) min test acc: 0.3076(15)
Attack result:(0.485, 0.4766355140186916, 0.306) (153, 168, 332, 347)
iter 150:
0.3961 0.6424 0.5992 0.5763 0.5253 0.5828 0.5436 0.6210 0.5932 0.5776 0.5128 0.5981 0.5820 0.5525 0.5942 0.4650 0.5432 0.4649 0.5757 0.5368 0.5245 0.4960 0.5778 0.4956 0.4873 0.4278 0.6994 0.6453 0.6177 0.5392 
0.3834 0.4477 0.4297 0.4424 0.3830 0.3960 0.4308 0.4377 0.4077 0.4115 0.4342 0.4451 0.4441 0.3934 0.4184 0.3890 0.3834 0.3835 0.4522 0.4002 0.3734 0.3541 0.4325 0.3409 0.3982 0.3584 0.4388 0.4265 0.3878 0.3746 
avg train acc: 0.5531 avg test acc: 0.4066 min train acc: 0.3961(0) min test acc: 0.3409(23)
Attack result:(0.502, 0.5026737967914439, 0.376) (188, 186, 314, 312)
iter 175:
0.4006 0.6184 0.5833 0.5845 0.5196 0.5550 0.5826 0.6163 0.6395 0.6179 0.4955 0.6318 0.6033 0.5668 0.6007 0.4916 0.5578 0.4691 0.5827 0.5925 0.5419 0.4614 0.5802 0.5090 0.5197 0.4425 0.6785 0.5593 0.6345 0.5907 
0.3831 0.4569 0.4461 0.4789 0.4368 0.4116 0.4842 0.4587 0.4281 0.4418 0.4453 0.4713 0.4685 0.4201 0.4397 0.3841 0.3921 0.3935 0.4598 0.3849 0.3734 0.3465 0.4306 0.3456 0.4003 0.3740 0.4496 0.4452 0.4188 0.4056 
avg train acc: 0.5609 avg test acc: 0.4225 min train acc: 0.4006(0) min test acc: 0.3456(23)
Attack result:(0.492, 0.489010989010989, 0.356) (178, 186, 314, 322)
iter 200:
0.4003 0.6448 0.6489 0.5923 0.5977 0.5322 0.5935 0.6522 0.6509 0.6352 0.5308 0.5832 0.6182 0.6151 0.5476 0.5189 0.5976 0.5433 0.6374 0.5625 0.5807 0.5258 0.6145 0.4907 0.5511 0.4886 0.7059 0.6524 0.6474 0.6244 
0.3902 0.4608 0.4627 0.4974 0.4537 0.4491 0.4901 0.4914 0.4537 0.4818 0.4974 0.5056 0.4779 0.4712 0.4800 0.4229 0.4171 0.4470 0.4762 0.4041 0.4245 0.3695 0.4717 0.4004 0.4456 0.4129 0.4882 0.4884 0.4452 0.4013 
avg train acc: 0.5861 avg test acc: 0.4526 min train acc: 0.4003(0) min test acc: 0.3695(21)
Attack result:(0.492, 0.48936170212765956, 0.368) (184, 192, 308, 316)
iter 225:
0.4726 0.6785 0.5663 0.5458 0.5368 0.5830 0.5643 0.6380 0.6892 0.6541 0.5833 0.5708 0.6356 0.5724 0.5557 0.4754 0.5761 0.4479 0.6109 0.5629 0.5446 0.5306 0.6044 0.4495 0.5577 0.4973 0.7281 0.6491 0.6062 0.5962 
0.4433 0.5025 0.4883 0.4951 0.4620 0.4518 0.4907 0.4882 0.4602 0.4753 0.4812 0.4637 0.4751 0.4490 0.4592 0.3974 0.4257 0.4233 0.4575 0.3723 0.4023 0.3984 0.4786 0.4020 0.4592 0.4167 0.4955 0.4813 0.4385 0.4016 
avg train acc: 0.5761 avg test acc: 0.4512 min train acc: 0.4479(17) min test acc: 0.3723(19)
Attack result:(0.485, 0.4823529411764706, 0.41) (205, 220, 280, 295)
iter 250:
0.4731 0.6866 0.4940 0.6264 0.5265 0.5399 0.6167 0.6736 0.6716 0.6345 0.5227 0.6715 0.6424 0.6644 0.6453 0.5101 0.5239 0.4735 0.6333 0.5404 0.6209 0.5838 0.5991 0.5039 0.5539 0.4797 0.7284 0.6980 0.6357 0.5124 
0.4451 0.4930 0.4847 0.5082 0.4838 0.4712 0.4953 0.5121 0.4883 0.4948 0.4630 0.5046 0.5106 0.4893 0.4913 0.3869 0.4472 0.4171 0.4957 0.4152 0.4502 0.4276 0.5169 0.4004 0.4802 0.4229 0.5219 0.4911 0.4716 0.4072 
avg train acc: 0.5895 avg test acc: 0.4696 min train acc: 0.4731(0) min test acc: 0.3869(15)
Attack result:(0.501, 0.5011933174224343, 0.42) (210, 209, 291, 290)
iter 275:
0.4587 0.7079 0.5816 0.6815 0.5228 0.5809 0.5542 0.6901 0.6906 0.6398 0.5549 0.6472 0.6101 0.6293 0.6162 0.4696 0.5879 0.4945 0.6530 0.4927 0.6184 0.5550 0.6179 0.5754 0.5817 0.5268 0.7247 0.6750 0.6408 0.5314 
0.4391 0.5175 0.5083 0.5340 0.4614 0.4983 0.4971 0.5175 0.4867 0.5061 0.4679 0.4765 0.4980 0.4996 0.5168 0.4376 0.4587 0.4658 0.5387 0.4508 0.4832 0.4423 0.5449 0.4135 0.4906 0.4060 0.5319 0.5161 0.4739 0.4602 
avg train acc: 0.5970 avg test acc: 0.4846 min train acc: 0.4587(0) min test acc: 0.4060(25)
Attack result:(0.49, 0.4888392857142857, 0.438) (219, 229, 271, 281)
iter 300:
0.4587 0.7356 0.6144 0.6727 0.5143 0.5996 0.6692 0.7010 0.6252 0.6630 0.5773 0.6859 0.6696 0.6388 0.6204 0.4906 0.6256 0.5650 0.6335 0.4058 0.6291 0.5582 0.6699 0.6030 0.5787 0.5035 0.7579 0.6495 0.6666 0.4853 
0.4436 0.5357 0.5280 0.5505 0.4361 0.5067 0.5280 0.5322 0.5039 0.4802 0.5032 0.5389 0.5435 0.5049 0.5197 0.4579 0.4426 0.4709 0.5310 0.4347 0.4903 0.4440 0.5406 0.3988 0.4892 0.4015 0.5614 0.5414 0.4908 0.4891 
avg train acc: 0.6089 avg test acc: 0.4946 min train acc: 0.4058(19) min test acc: 0.3988(23)
Attack result:(0.489, 0.4879120879120879, 0.444) (222, 233, 267, 278)
iter 325:
0.4804 0.7461 0.5992 0.6968 0.5580 0.6175 0.7236 0.7097 0.6758 0.6527 0.5689 0.6420 0.6685 0.6497 0.6314 0.4874 0.5841 0.6061 0.6586 0.5665 0.6656 0.5195 0.6782 0.6134 0.6220 0.5349 0.7599 0.6712 0.6729 0.5363 
0.4606 0.5478 0.5398 0.5868 0.4718 0.5396 0.5629 0.5476 0.4987 0.5170 0.4849 0.5472 0.5379 0.4945 0.5404 0.4606 0.4726 0.4351 0.5606 0.5114 0.5116 0.4312 0.5386 0.3969 0.4917 0.4164 0.5649 0.5387 0.5089 0.5101 
avg train acc: 0.6266 avg test acc: 0.5076 min train acc: 0.4804(0) min test acc: 0.3969(23)
Attack result:(0.483, 0.48187633262260127, 0.452) (226, 243, 257, 274)
iter 350:
0.5397 0.7202 0.6183 0.7127 0.6015 0.5583 0.7032 0.7130 0.6759 0.7035 0.5703 0.6286 0.6554 0.6464 0.6331 0.4618 0.6077 0.5525 0.7045 0.6290 0.7009 0.5312 0.6813 0.6142 0.5932 0.5652 0.7617 0.6680 0.7258 0.5676 
0.5150 0.5214 0.5053 0.5737 0.5202 0.5209 0.5546 0.5437 0.5432 0.5449 0.4781 0.5391 0.5430 0.4979 0.5490 0.4774 0.4680 0.4301 0.5761 0.5438 0.5162 0.4549 0.5577 0.4345 0.4989 0.4476 0.5692 0.5467 0.5260 0.5034 
avg train acc: 0.6348 avg test acc: 0.5167 min train acc: 0.4618(15) min test acc: 0.4301(17)
Attack result:(0.488, 0.4888475836431227, 0.526) (263, 275, 225, 237)
iter 375:
0.5601 0.7498 0.6301 0.6912 0.6124 0.6243 0.6741 0.7309 0.7456 0.7016 0.5190 0.6915 0.6729 0.6349 0.5972 0.4457 0.6422 0.5465 0.7144 0.6353 0.7079 0.5763 0.6978 0.6328 0.6678 0.5608 0.7623 0.7245 0.7095 0.5289 
0.5313 0.5683 0.5318 0.5913 0.5511 0.5403 0.5603 0.5896 0.5624 0.5822 0.5034 0.6016 0.5836 0.5081 0.5571 0.4452 0.4942 0.4099 0.5888 0.5586 0.5289 0.4966 0.5807 0.4810 0.5229 0.4564 0.5750 0.5511 0.5380 0.4695 
avg train acc: 0.6463 avg test acc: 0.5353 min train acc: 0.4457(15) min test acc: 0.4099(17)
Attack result:(0.486, 0.4867924528301887, 0.516) (258, 272, 228, 242)
iter 400:
0.5705 0.7428 0.6763 0.6967 0.6445 0.6841 0.7087 0.7408 0.7375 0.7056 0.5354 0.7274 0.7187 0.6183 0.6166 0.4706 0.6689 0.5267 0.7195 0.6047 0.6916 0.6137 0.7011 0.5905 0.6252 0.5747 0.7711 0.7272 0.6907 0.5629 
0.5521 0.5890 0.5495 0.5969 0.5179 0.5608 0.5672 0.5880 0.5553 0.5732 0.5034 0.6024 0.5876 0.5211 0.5545 0.4647 0.5054 0.3963 0.5636 0.5406 0.5454 0.5019 0.5873 0.4736 0.5449 0.4811 0.5913 0.5582 0.5553 0.4450 
avg train acc: 0.6554 avg test acc: 0.5391 min train acc: 0.4706(15) min test acc: 0.3963(17)
Attack result:(0.492, 0.49264705882352944, 0.536) (268, 276, 224, 232)
iter 410:
0.5909 0.7364 0.6407 0.7184 0.6465 0.7017 0.6926 0.7202 0.7025 0.6933 0.5313 0.7104 0.7253 0.6628 0.6117 0.4794 0.6392 0.5341 0.7261 0.6657 0.6854 0.5723 0.7082 0.5512 0.6768 0.5909 0.7724 0.7295 0.6872 0.5895 
0.5702 0.5639 0.5294 0.5908 0.5522 0.5638 0.5353 0.5796 0.5566 0.5696 0.5133 0.5964 0.5729 0.5176 0.5501 0.4600 0.4985 0.4031 0.5673 0.5588 0.5567 0.4855 0.5816 0.4791 0.5724 0.5129 0.6033 0.5595 0.5522 0.4401 
avg train acc: 0.6564 avg test acc: 0.5398 min train acc: 0.4794(15) min test acc: 0.4031(17)
Attack result:(0.494, 0.4948630136986301, 0.578) (289, 295, 205, 211)
iter 420:
0.5956 0.7542 0.6735 0.7310 0.6664 0.6844 0.6896 0.7532 0.6992 0.7066 0.5341 0.7219 0.6829 0.6310 0.6654 0.4894 0.6000 0.5211 0.7201 0.6205 0.6974 0.6394 0.6964 0.6083 0.7016 0.5521 0.7972 0.7237 0.6856 0.5855 
0.5754 0.5843 0.5303 0.5962 0.5461 0.5640 0.5658 0.6022 0.5769 0.5681 0.5224 0.6023 0.6022 0.5115 0.5839 0.4444 0.5253 0.3953 0.5945 0.5494 0.5653 0.5134 0.5815 0.4765 0.5591 0.5139 0.5795 0.5633 0.5389 0.4507 
avg train acc: 0.6609 avg test acc: 0.5461 min train acc: 0.4894(15) min test acc: 0.3953(17)
Attack result:(0.504, 0.5034843205574913, 0.578) (289, 285, 215, 211)
iter 430:
0.6039 0.7552 0.6377 0.6997 0.6754 0.6386 0.7289 0.7503 0.7528 0.6982 0.5309 0.6972 0.6470 0.6479 0.6837 0.4982 0.6553 0.5336 0.7016 0.6183 0.7178 0.6813 0.7138 0.6295 0.6496 0.5865 0.7870 0.7454 0.7387 0.5984 
0.5786 0.5805 0.5093 0.5992 0.5645 0.5426 0.5922 0.5934 0.5916 0.5953 0.5085 0.6170 0.5914 0.5417 0.5712 0.4630 0.5217 0.4131 0.6033 0.5772 0.5596 0.5204 0.6058 0.5110 0.5443 0.5006 0.5963 0.5630 0.5679 0.4774 
avg train acc: 0.6667 avg test acc: 0.5534 min train acc: 0.4982(15) min test acc: 0.4131(17)
Attack result:(0.501, 0.5008488964346349, 0.59) (295, 294, 206, 205)
iter 440:
0.6015 0.7556 0.6854 0.7030 0.6559 0.6465 0.7134 0.7408 0.7544 0.7354 0.4611 0.7082 0.6829 0.6750 0.6709 0.5008 0.6757 0.5784 0.7299 0.6711 0.6998 0.6581 0.6987 0.5089 0.6741 0.5892 0.7938 0.7396 0.7185 0.5628 
0.5764 0.5955 0.5458 0.6062 0.5490 0.5469 0.5757 0.5820 0.5826 0.5822 0.5203 0.6027 0.5836 0.5212 0.5633 0.4652 0.5296 0.4213 0.5707 0.5548 0.5564 0.4886 0.5869 0.4965 0.5791 0.5270 0.6082 0.5787 0.5660 0.4484 
avg train acc: 0.6663 avg test acc: 0.5504 min train acc: 0.4611(10) min test acc: 0.4213(17)
Attack result:(0.508, 0.5068027210884354, 0.596) (298, 290, 210, 202)
iter 450:
0.5891 0.7338 0.7182 0.7175 0.6953 0.6682 0.6526 0.7410 0.7393 0.7012 0.5639 0.6965 0.7057 0.6516 0.7069 0.5074 0.6961 0.5633 0.7247 0.5962 0.6729 0.6891 0.6981 0.5744 0.6726 0.5403 0.7891 0.7162 0.7037 0.5821 
0.5700 0.5857 0.5395 0.6023 0.5506 0.5519 0.5553 0.5801 0.5707 0.5860 0.5064 0.5838 0.5962 0.5425 0.5725 0.4605 0.5285 0.4254 0.5956 0.5403 0.5330 0.5381 0.6023 0.5291 0.5508 0.5005 0.5988 0.5676 0.5577 0.4815 
avg train acc: 0.6669 avg test acc: 0.5501 min train acc: 0.5074(15) min test acc: 0.4254(17)
Attack result:(0.504, 0.5035087719298246, 0.574) (287, 283, 217, 213)
iter 460:
0.6173 0.7339 0.6858 0.7436 0.6059 0.6755 0.7363 0.7377 0.7390 0.7221 0.5476 0.7552 0.7052 0.6492 0.7588 0.5365 0.6815 0.5337 0.7173 0.6230 0.6836 0.6587 0.7409 0.5290 0.6919 0.5511 0.7763 0.7557 0.7373 0.5834 
0.5955 0.6048 0.5278 0.6050 0.5597 0.5588 0.6032 0.5896 0.5808 0.5787 0.5268 0.6027 0.5975 0.5486 0.5784 0.4550 0.5312 0.4059 0.6082 0.5773 0.5501 0.5024 0.6053 0.5076 0.5780 0.5126 0.6046 0.5765 0.5512 0.4800 
avg train acc: 0.6738 avg test acc: 0.5568 min train acc: 0.5290(23) min test acc: 0.4059(17)
Attack result:(0.504, 0.5034246575342466, 0.588) (294, 290, 210, 206)
iter 470:
0.6176 0.7609 0.6795 0.7523 0.6287 0.6664 0.7282 0.7337 0.7365 0.7355 0.5639 0.7102 0.7103 0.6453 0.6830 0.5460 0.6207 0.5842 0.7204 0.6834 0.6471 0.6638 0.7331 0.5807 0.6953 0.5796 0.7523 0.7151 0.7373 0.6118 
0.5906 0.5987 0.5267 0.6154 0.5732 0.5695 0.5951 0.5869 0.5848 0.5832 0.5478 0.6133 0.6089 0.5230 0.5763 0.4907 0.5038 0.4573 0.5914 0.5768 0.5552 0.5213 0.6133 0.5036 0.5651 0.5108 0.5996 0.5635 0.5650 0.4892 
avg train acc: 0.6741 avg test acc: 0.5600 min train acc: 0.5460(15) min test acc: 0.4573(17)
Attack result:(0.504, 0.5034013605442177, 0.592) (296, 292, 208, 204)
iter 480:
0.6159 0.7515 0.7027 0.7014 0.6715 0.6492 0.7103 0.7440 0.7277 0.7198 0.5985 0.7359 0.7320 0.6144 0.6683 0.5816 0.6434 0.6150 0.7523 0.5965 0.6385 0.6514 0.7297 0.5194 0.6922 0.5445 0.7876 0.7023 0.7304 0.6115 
0.5931 0.5924 0.5416 0.6295 0.5612 0.5611 0.5801 0.6062 0.5818 0.5784 0.5756 0.6332 0.6062 0.5260 0.5604 0.5046 0.5169 0.4824 0.6129 0.5726 0.5606 0.5226 0.6136 0.5256 0.5531 0.5079 0.6055 0.5890 0.5604 0.5014 
avg train acc: 0.6713 avg test acc: 0.5652 min train acc: 0.5194(23) min test acc: 0.4824(17)
Attack result:(0.503, 0.502495840266223, 0.604) (302, 299, 201, 198)
iter 490:
0.6027 0.7635 0.6931 0.7481 0.6256 0.6460 0.7398 0.7424 0.7633 0.7355 0.5439 0.7351 0.6657 0.6427 0.7560 0.5331 0.6608 0.5815 0.7541 0.6758 0.6960 0.6468 0.7239 0.4758 0.6725 0.5699 0.7933 0.7671 0.7278 0.6051 
0.5817 0.5858 0.5209 0.6099 0.5811 0.5560 0.6011 0.6137 0.5870 0.5985 0.5435 0.6150 0.6157 0.5461 0.5696 0.4730 0.5266 0.4515 0.6174 0.5832 0.5481 0.5101 0.6076 0.4821 0.5616 0.5168 0.6138 0.5855 0.5455 0.5150 
avg train acc: 0.6762 avg test acc: 0.5621 min train acc: 0.4758(23) min test acc: 0.4515(17)
Attack result:(0.504, 0.5033898305084745, 0.594) (297, 293, 207, 203)
iter 500:
0.5993 0.7489 0.7033 0.7708 0.6539 0.6546 0.7151 0.7583 0.7517 0.6964 0.5697 0.7622 0.6736 0.6438 0.6971 0.5548 0.6274 0.6127 0.7317 0.6873 0.6754 0.6038 0.6972 0.5794 0.6431 0.5336 0.7719 0.7550 0.7078 0.5776 
0.5755 0.6043 0.5255 0.6224 0.5594 0.5500 0.5951 0.6064 0.5703 0.5949 0.5660 0.6069 0.5974 0.5265 0.5825 0.5113 0.5080 0.4927 0.6109 0.5701 0.5393 0.4885 0.6155 0.4920 0.5391 0.4818 0.5991 0.5816 0.5552 0.4988 
avg train acc: 0.6719 avg test acc: 0.5589 min train acc: 0.5336(25) min test acc: 0.4818(25)
Attack result:(0.51, 0.5088652482269503, 0.574) (287, 277, 223, 213)
iter 525:
0.5888 0.7725 0.6794 0.7070 0.5963 0.6239 0.7372 0.7643 0.7172 0.7299 0.5525 0.7453 0.6720 0.6235 0.7136 0.5860 0.6714 0.6036 0.7326 0.6584 0.6591 0.5270 0.7342 0.4824 0.6687 0.4660 0.7946 0.7414 0.7072 0.5960 
0.5619 0.6022 0.5244 0.6185 0.5372 0.5551 0.6150 0.6216 0.5666 0.5770 0.5628 0.6268 0.6081 0.4887 0.5714 0.5210 0.4957 0.5024 0.6208 0.5590 0.5417 0.4578 0.6024 0.4384 0.5456 0.4574 0.6084 0.6019 0.5226 0.5247 
avg train acc: 0.6617 avg test acc: 0.5546 min train acc: 0.4660(25) min test acc: 0.4384(23)
Attack result:(0.511, 0.5099099099099099, 0.566) (283, 272, 228, 217)
iter 550:
0.5212 0.7573 0.6910 0.6818 0.6088 0.5912 0.7447 0.7452 0.6825 0.7186 0.6059 0.6845 0.6940 0.6250 0.7312 0.6522 0.6654 0.6525 0.7470 0.6519 0.6900 0.5005 0.7221 0.5065 0.6322 0.5249 0.7907 0.7469 0.7178 0.6426 
0.5040 0.5772 0.5225 0.6277 0.5182 0.5291 0.6096 0.6087 0.5649 0.5967 0.5705 0.6064 0.5856 0.5210 0.5802 0.5581 0.5137 0.5613 0.6111 0.5521 0.5551 0.4209 0.5955 0.4402 0.5363 0.4308 0.6146 0.6042 0.5528 0.5655 
avg train acc: 0.6642 avg test acc: 0.5545 min train acc: 0.5005(21) min test acc: 0.4209(21)
Attack result:(0.504, 0.503968253968254, 0.508) (254, 250, 250, 246)
iter 575:
0.4747 0.7688 0.7086 0.7384 0.6291 0.6043 0.7240 0.7599 0.6907 0.7321 0.6337 0.7238 0.7111 0.7067 0.7735 0.6287 0.6681 0.6681 0.7070 0.5705 0.6822 0.4647 0.6997 0.5807 0.6236 0.5499 0.7949 0.7273 0.6991 0.6799 
0.4438 0.5950 0.5563 0.6280 0.5139 0.5275 0.6094 0.6098 0.5479 0.5763 0.5821 0.6204 0.5795 0.5702 0.6060 0.5318 0.5600 0.5299 0.6105 0.5100 0.5196 0.4677 0.5939 0.4496 0.5172 0.4430 0.6199 0.6040 0.5626 0.5780 
avg train acc: 0.6708 avg test acc: 0.5555 min train acc: 0.4647(21) min test acc: 0.4430(25)
Attack result:(0.495, 0.4943820224719101, 0.44) (220, 225, 275, 280)
iter 600:
0.4684 0.7754 0.6967 0.7156 0.6305 0.6503 0.7091 0.7700 0.6366 0.7290 0.6877 0.7215 0.7066 0.7489 0.7637 0.6053 0.7565 0.6194 0.7141 0.5314 0.6635 0.5566 0.6983 0.5666 0.6401 0.5527 0.7995 0.7237 0.7134 0.6452 
0.4433 0.6237 0.6016 0.6212 0.4821 0.5636 0.5788 0.6250 0.5162 0.5601 0.6086 0.6196 0.6001 0.5960 0.6275 0.4880 0.6038 0.5260 0.6074 0.4872 0.5329 0.4755 0.6032 0.4818 0.5217 0.4823 0.6191 0.6083 0.5865 0.5666 
avg train acc: 0.6732 avg test acc: 0.5619 min train acc: 0.4684(0) min test acc: 0.4433(0)
Attack result:(0.498, 0.4978165938864629, 0.456) (228, 230, 270, 272)
iter 625:
0.4445 0.7879 0.7380 0.7205 0.6627 0.6766 0.6650 0.7612 0.7184 0.7250 0.6938 0.7649 0.6996 0.7541 0.7584 0.5814 0.7661 0.6280 0.7526 0.5362 0.7005 0.5759 0.7019 0.6284 0.6469 0.6215 0.7726 0.7641 0.7315 0.6098 
0.4174 0.6122 0.6335 0.6314 0.5481 0.5472 0.5716 0.6247 0.5443 0.5991 0.6295 0.6148 0.6080 0.6204 0.6318 0.4684 0.6092 0.5199 0.6082 0.5099 0.5703 0.5026 0.5985 0.5085 0.5518 0.5244 0.6320 0.6074 0.6154 0.5397 
avg train acc: 0.6863 avg test acc: 0.5733 min train acc: 0.4445(0) min test acc: 0.4174(0)
Attack result:(0.497, 0.4965675057208238, 0.434) (217, 220, 280, 283)
iter 650:
0.4935 0.7920 0.7612 0.7526 0.7020 0.6202 0.6729 0.7844 0.6932 0.7376 0.6828 0.7628 0.7299 0.7874 0.7918 0.5650 0.7363 0.6421 0.7392 0.5974 0.7224 0.5992 0.6958 0.6423 0.6789 0.6356 0.8014 0.7472 0.7623 0.5929 
0.4669 0.6153 0.6248 0.6431 0.5895 0.5486 0.5739 0.6347 0.5875 0.6199 0.6455 0.6387 0.6513 0.6161 0.6344 0.4639 0.6081 0.4837 0.6140 0.5142 0.5912 0.5041 0.5900 0.5350 0.5816 0.5773 0.6357 0.6071 0.6068 0.5555 
avg train acc: 0.6974 avg test acc: 0.5853 min train acc: 0.4935(0) min test acc: 0.4639(15)
Attack result:(0.493, 0.49272349272349275, 0.474) (237, 244, 256, 263)
iter 675:
0.4965 0.7854 0.7654 0.7405 0.7057 0.6183 0.6883 0.7534 0.7382 0.7729 0.7059 0.6469 0.6934 0.7533 0.7475 0.6419 0.7642 0.6554 0.7240 0.5515 0.7124 0.6674 0.7491 0.6580 0.6931 0.6560 0.8001 0.7742 0.7850 0.6082 
0.4679 0.6199 0.6244 0.6492 0.5968 0.5536 0.5518 0.6181 0.5974 0.6215 0.6253 0.6025 0.6102 0.5756 0.5996 0.5081 0.6108 0.5411 0.6200 0.5109 0.5848 0.5565 0.6291 0.5707 0.5687 0.5732 0.6374 0.6112 0.6077 0.5431 
avg train acc: 0.7017 avg test acc: 0.5862 min train acc: 0.4965(0) min test acc: 0.4679(0)
Attack result:(0.498, 0.4979253112033195, 0.48) (240, 242, 258, 260)
iter 700:
0.5415 0.7928 0.7126 0.7426 0.6811 0.6823 0.7173 0.7693 0.7317 0.7434 0.6806 0.7479 0.7489 0.7751 0.8067 0.5823 0.6718 0.5852 0.7676 0.6146 0.7594 0.5938 0.7209 0.6509 0.6589 0.6504 0.8199 0.7659 0.7650 0.6219 
0.5171 0.6280 0.6340 0.6341 0.5901 0.5820 0.5980 0.6371 0.5945 0.6060 0.6268 0.6096 0.6422 0.6185 0.6071 0.4850 0.6149 0.5138 0.6315 0.5371 0.6050 0.5450 0.6131 0.5490 0.5924 0.5964 0.6374 0.5984 0.6026 0.5644 
avg train acc: 0.7034 avg test acc: 0.5937 min train acc: 0.5415(0) min test acc: 0.4850(15)
Attack result:(0.49, 0.49049429657794674, 0.516) (258, 268, 232, 242)
iter 725:
0.5368 0.7853 0.7160 0.7465 0.6688 0.6417 0.6939 0.7719 0.7328 0.7386 0.6908 0.7667 0.7079 0.7427 0.7525 0.5875 0.7310 0.5939 0.7439 0.5531 0.7454 0.5849 0.7189 0.6852 0.7127 0.6441 0.8001 0.7510 0.7762 0.6157 
0.5223 0.6206 0.6119 0.6337 0.5939 0.5682 0.6046 0.6184 0.6102 0.6055 0.6370 0.6154 0.6207 0.6005 0.5921 0.4999 0.6121 0.5177 0.6255 0.5181 0.5870 0.5653 0.6326 0.5646 0.5854 0.5778 0.6324 0.6076 0.6194 0.5605 
avg train acc: 0.6979 avg test acc: 0.5920 min train acc: 0.5368(0) min test acc: 0.4999(15)
Attack result:(0.51, 0.5095785440613027, 0.532) (266, 256, 244, 234)
iter 750:
0.5730 0.7991 0.7357 0.7557 0.6561 0.7159 0.7626 0.7798 0.7507 0.7730 0.6927 0.7231 0.7556 0.7818 0.7940 0.5741 0.7128 0.5677 0.7459 0.5658 0.7495 0.6575 0.7137 0.6429 0.6978 0.6720 0.8202 0.7812 0.7740 0.5601 
0.5522 0.6260 0.6168 0.6303 0.5801 0.6134 0.6034 0.6234 0.5979 0.6080 0.6221 0.6362 0.6265 0.6292 0.6439 0.4802 0.5927 0.5530 0.6390 0.5388 0.6051 0.5710 0.6212 0.5617 0.6084 0.5790 0.6432 0.6275 0.6037 0.5417 
avg train acc: 0.7095 avg test acc: 0.5992 min train acc: 0.5601(29) min test acc: 0.4802(15)
Attack result:(0.499, 0.4991181657848324, 0.566) (283, 284, 216, 217)
iter 775:
0.5645 0.7865 0.6699 0.7421 0.7002 0.6645 0.7652 0.7676 0.7389 0.7336 0.6888 0.7590 0.7344 0.7623 0.7993 0.6019 0.7053 0.6344 0.7562 0.6170 0.7390 0.6499 0.7502 0.6543 0.7219 0.6263 0.8144 0.7571 0.7709 0.5900 
0.5362 0.6211 0.5947 0.6511 0.6019 0.5906 0.6235 0.6257 0.6189 0.6296 0.6219 0.6362 0.6466 0.6093 0.6313 0.5285 0.6064 0.5540 0.6400 0.5316 0.5824 0.5749 0.6274 0.5554 0.6236 0.5613 0.6384 0.6144 0.6043 0.5553 
avg train acc: 0.7089 avg test acc: 0.6012 min train acc: 0.5645(0) min test acc: 0.5285(15)
Attack result:(0.502, 0.5018315018315018, 0.548) (274, 272, 228, 226)
iter 800:
0.5905 0.7860 0.7646 0.7240 0.6777 0.6790 0.7457 0.7898 0.7804 0.7734 0.7189 0.6998 0.7311 0.7632 0.7709 0.6265 0.7151 0.6738 0.7675 0.6601 0.7428 0.6624 0.7128 0.6317 0.7094 0.7092 0.8190 0.7981 0.7371 0.6680 
0.5644 0.6290 0.6223 0.6471 0.5949 0.6076 0.6166 0.6364 0.6048 0.6099 0.6214 0.6426 0.6346 0.5864 0.6391 0.5491 0.6233 0.5651 0.6381 0.5631 0.5999 0.5632 0.6304 0.5362 0.6284 0.5684 0.6432 0.6114 0.5791 0.5757 
avg train acc: 0.7210 avg test acc: 0.6044 min train acc: 0.5905(0) min test acc: 0.5362(23)
Attack result:(0.51, 0.5087719298245614, 0.58) (290, 280, 220, 210)
***** Best Attack Result ********
{
    "iter": 50,
    "attack_metric": [
        0.515,
        0.5454545454545454,
        0.18
    ],
    "pred_distribution": [
        90,
        75,
        425,
        410
    ]
}
