************* DL Setting *************
   Seed = 3407
   Setting = s6
   Graph = smallworld30
   Number of Attacker = 1
   Sample per user/ Num of Cover = 4166
   Num of member/non-member = 500
   Normal User Batch size = 128
   Attacker Batch size = 256
   Attack = unitnorm
   Defense = median
   data distribution = non-iid
   Init LR = 0.01
   LR Decay = [800]
   Max Iter = 800
   Normal Train Iter = 200
**************************************
iter 25:
0.0379 0.2950 0.3632 0.3652 0.2297 0.1913 0.2261 0.2795 0.2300 0.2179 0.2195 0.2085 0.2532 0.2556 0.3930 0.1394 0.3813 0.2959 0.1540 0.3580 0.2574 0.1622 0.2464 0.3778 0.1945 0.3615 0.2022 0.2389 0.3640 0.2940 
0.0359 0.0165 0.0232 0.0194 0.0196 0.0156 0.0135 0.0134 0.0199 0.0161 0.0156 0.0184 0.0186 0.0207 0.0269 0.0101 0.0248 0.0229 0.0128 0.0214 0.0159 0.0087 0.0118 0.0227 0.0134 0.0190 0.0221 0.0161 0.0220 0.0262 
avg train acc: 0.2598 avg test acc: 0.0188 min train acc: 0.0379(0) min test acc: 0.0087(21)
Attack result:(0.5, 0.5, 0.034) (17, 17, 483, 483)
iter 50:
0.1181 0.3492 0.4579 0.4544 0.4267 0.3558 0.4343 0.3455 0.4066 0.4541 0.4642 0.1997 0.4607 0.3791 0.4473 0.2585 0.5078 0.4099 0.3235 0.5328 0.4225 0.3914 0.4272 0.5009 0.4445 0.4547 0.4535 0.5138 0.5145 0.5371 
0.1081 0.0517 0.0642 0.0685 0.0682 0.0728 0.0422 0.0504 0.0541 0.0417 0.0620 0.0423 0.0530 0.0352 0.0416 0.0655 0.0390 0.0378 0.0412 0.0582 0.0429 0.0360 0.0723 0.0560 0.0641 0.0766 0.0763 0.0600 0.0699 0.0573 
avg train acc: 0.4149 avg test acc: 0.0570 min train acc: 0.1181(0) min test acc: 0.0352(13)
Attack result:(0.499, 0.4948453608247423, 0.096) (48, 49, 451, 452)
iter 75:
0.1926 0.4900 0.5138 0.5196 0.4548 0.4851 0.4588 0.4362 0.5364 0.4945 0.5012 0.4172 0.5184 0.5446 0.5833 0.3678 0.5545 0.5104 0.4795 0.5658 0.5317 0.4725 0.4724 0.5575 0.4770 0.4673 0.5161 0.5539 0.5505 0.6044 
0.1885 0.1375 0.1431 0.1832 0.1690 0.1582 0.1082 0.1567 0.1171 0.1035 0.1546 0.1200 0.1280 0.0986 0.1026 0.1852 0.0999 0.1312 0.1417 0.1378 0.1304 0.1535 0.1275 0.1497 0.1415 0.1706 0.1605 0.1454 0.1557 0.1289 
avg train acc: 0.4943 avg test acc: 0.1409 min train acc: 0.1926(0) min test acc: 0.0986(13)
Attack result:(0.492, 0.47674418604651164, 0.164) (82, 90, 410, 418)
iter 100:
0.2993 0.5100 0.5455 0.5614 0.5306 0.4905 0.5574 0.5064 0.6059 0.5367 0.5572 0.5311 0.5542 0.5949 0.6176 0.4730 0.5974 0.5624 0.5249 0.6285 0.5831 0.5154 0.5333 0.5954 0.5377 0.5206 0.5813 0.6135 0.6244 0.6379 
0.2935 0.2360 0.2113 0.2413 0.2093 0.2312 0.1753 0.2639 0.2336 0.1753 0.2201 0.2040 0.2095 0.1620 0.1895 0.2249 0.1842 0.2212 0.2500 0.2379 0.2711 0.2256 0.2236 0.2468 0.2424 0.2451 0.2527 0.2367 0.2552 0.2172 
avg train acc: 0.5509 avg test acc: 0.2263 min train acc: 0.2993(0) min test acc: 0.1620(13)
Attack result:(0.491, 0.4838709677419355, 0.27) (135, 144, 356, 365)
iter 125:
0.3311 0.5401 0.6135 0.6276 0.5671 0.5742 0.6153 0.5639 0.6440 0.5872 0.5937 0.5687 0.6051 0.6406 0.6579 0.5160 0.6367 0.6011 0.5780 0.6477 0.6384 0.5829 0.5720 0.6335 0.5893 0.5318 0.6332 0.5959 0.6548 0.6952 
0.3252 0.3177 0.3277 0.3248 0.3325 0.3240 0.2717 0.3426 0.3085 0.3054 0.3182 0.2871 0.3039 0.2905 0.2599 0.2955 0.2597 0.2770 0.3187 0.3271 0.3414 0.3365 0.3305 0.3268 0.2973 0.3392 0.3309 0.3264 0.3290 0.3024 
avg train acc: 0.5946 avg test acc: 0.3126 min train acc: 0.3311(0) min test acc: 0.2597(16)
Attack result:(0.479, 0.46488294314381273, 0.278) (139, 160, 340, 361)
iter 150:
0.3680 0.6043 0.6301 0.6464 0.6092 0.6260 0.6142 0.5677 0.6601 0.6214 0.6185 0.6071 0.6429 0.6609 0.6753 0.5531 0.6686 0.6277 0.6192 0.6689 0.6374 0.5999 0.5969 0.6445 0.5963 0.6003 0.6488 0.6322 0.6034 0.7057 
0.3646 0.3667 0.3797 0.3797 0.3386 0.3670 0.2607 0.3845 0.3234 0.3261 0.3661 0.3372 0.3637 0.3321 0.3557 0.3614 0.3164 0.3592 0.3547 0.3823 0.3980 0.3799 0.3595 0.3524 0.3637 0.3770 0.3497 0.2989 0.3719 0.3648 
avg train acc: 0.6185 avg test acc: 0.3545 min train acc: 0.3680(0) min test acc: 0.2607(6)
Attack result:(0.485, 0.4789915966386555, 0.342) (171, 186, 314, 329)
iter 175:
0.3866 0.6182 0.6471 0.6376 0.5828 0.6149 0.6410 0.6045 0.6762 0.6483 0.6372 0.5747 0.6485 0.6823 0.6894 0.5568 0.6930 0.6359 0.6188 0.6275 0.6593 0.5834 0.6044 0.6550 0.5655 0.5785 0.6689 0.6390 0.6669 0.7281 
0.3790 0.3977 0.3893 0.4136 0.3944 0.3896 0.3523 0.3871 0.3554 0.3511 0.3729 0.3557 0.3509 0.3525 0.3707 0.4055 0.3542 0.3743 0.3853 0.3958 0.3835 0.3874 0.3565 0.3394 0.3606 0.3967 0.3874 0.3863 0.4155 0.3825 
avg train acc: 0.6257 avg test acc: 0.3774 min train acc: 0.3866(0) min test acc: 0.3394(23)
Attack result:(0.484, 0.47802197802197804, 0.348) (174, 190, 310, 326)
iter 200:
0.3925 0.6054 0.6649 0.6674 0.5952 0.6095 0.6885 0.6339 0.7048 0.6490 0.6445 0.6137 0.6677 0.7037 0.7153 0.6256 0.7136 0.6726 0.6592 0.6717 0.6744 0.6312 0.6284 0.6732 0.6185 0.5909 0.6927 0.6513 0.6395 0.7350 
0.3845 0.4301 0.4201 0.4433 0.4328 0.4415 0.3785 0.4362 0.4153 0.4093 0.4154 0.3988 0.3952 0.3961 0.4180 0.4341 0.3998 0.4069 0.4235 0.4386 0.4271 0.4112 0.4023 0.3926 0.4012 0.4262 0.4250 0.4026 0.4137 0.4111 
avg train acc: 0.6478 avg test acc: 0.4144 min train acc: 0.3925(0) min test acc: 0.3785(6)
Attack result:(0.474, 0.46649484536082475, 0.362) (181, 207, 293, 319)
iter 225:
0.4624 0.6610 0.6734 0.6682 0.6410 0.6512 0.6988 0.6275 0.6941 0.6745 0.6746 0.6083 0.6696 0.7041 0.7296 0.6177 0.7177 0.6811 0.6702 0.7034 0.6892 0.6422 0.6620 0.6780 0.6337 0.6557 0.6958 0.6662 0.6680 0.7434 
0.4505 0.4480 0.4492 0.4698 0.4388 0.4391 0.4106 0.4456 0.4272 0.4144 0.4041 0.4143 0.4042 0.4159 0.4197 0.4326 0.4080 0.4247 0.4372 0.4562 0.4569 0.4369 0.4373 0.4184 0.4470 0.4730 0.4386 0.4282 0.4566 0.4260 
avg train acc: 0.6654 avg test acc: 0.4343 min train acc: 0.4624(0) min test acc: 0.4041(10)
Attack result:(0.489, 0.48735632183908045, 0.424) (212, 223, 277, 288)
iter 250:
0.4980 0.6743 0.6938 0.6982 0.6305 0.6456 0.7197 0.6479 0.7288 0.6673 0.6801 0.6873 0.6898 0.7204 0.7325 0.6368 0.7346 0.6906 0.6708 0.7262 0.7076 0.6641 0.6635 0.6922 0.6495 0.6357 0.6945 0.6862 0.6837 0.7532 
0.4813 0.4820 0.4715 0.4884 0.4830 0.4838 0.4435 0.4898 0.4501 0.4353 0.4624 0.4210 0.4492 0.4294 0.4721 0.4649 0.4572 0.4533 0.4561 0.4688 0.4713 0.4515 0.4597 0.4433 0.4535 0.4686 0.4474 0.4197 0.4707 0.4352 
avg train acc: 0.6801 avg test acc: 0.4588 min train acc: 0.4980(0) min test acc: 0.4197(27)
Attack result:(0.482, 0.48060344827586204, 0.446) (223, 241, 259, 277)
iter 275:
0.5006 0.6936 0.7049 0.7128 0.6178 0.6721 0.7363 0.6515 0.7194 0.6758 0.6667 0.7090 0.6966 0.7256 0.7358 0.6458 0.7446 0.7174 0.6901 0.7408 0.7199 0.6864 0.6757 0.7128 0.6556 0.6808 0.7172 0.7139 0.7069 0.7620 
0.4872 0.4737 0.5006 0.5006 0.5009 0.5022 0.4897 0.4805 0.4639 0.4822 0.4790 0.4426 0.4720 0.4559 0.4749 0.4889 0.4616 0.5037 0.4783 0.5022 0.4969 0.4757 0.4794 0.4860 0.4775 0.4977 0.4938 0.4587 0.4905 0.4723 
avg train acc: 0.6930 avg test acc: 0.4823 min train acc: 0.5006(0) min test acc: 0.4426(11)
Attack result:(0.492, 0.49166666666666664, 0.472) (236, 244, 256, 264)
iter 300:
0.5260 0.7069 0.7157 0.7251 0.6578 0.6502 0.7397 0.6929 0.7254 0.7086 0.6963 0.7276 0.7086 0.7481 0.7497 0.6549 0.7471 0.7108 0.6934 0.7279 0.7284 0.6816 0.6802 0.7218 0.6696 0.6645 0.7326 0.7013 0.7167 0.7710 
0.5075 0.4917 0.5097 0.5290 0.5086 0.5030 0.4640 0.5108 0.4989 0.4844 0.5162 0.4702 0.4792 0.4858 0.4820 0.5006 0.4822 0.4977 0.4807 0.5102 0.5108 0.4957 0.4727 0.4944 0.4984 0.5162 0.5090 0.4982 0.5121 0.4905 
avg train acc: 0.7027 avg test acc: 0.4970 min train acc: 0.5260(0) min test acc: 0.4640(6)
Attack result:(0.473, 0.4729458917835671, 0.472) (236, 263, 237, 264)
iter 325:
0.5110 0.7134 0.7231 0.7373 0.6571 0.6883 0.7548 0.7090 0.7410 0.7062 0.6951 0.7104 0.7156 0.7370 0.7508 0.6658 0.7521 0.7086 0.6800 0.7162 0.7031 0.6959 0.6822 0.7048 0.6940 0.6961 0.6702 0.7136 0.6676 0.7723 
0.5054 0.5080 0.5063 0.5312 0.5103 0.5176 0.4833 0.5281 0.4854 0.4923 0.4918 0.4840 0.4824 0.4679 0.4968 0.5146 0.5063 0.4715 0.5028 0.4776 0.4962 0.4946 0.4873 0.4811 0.4965 0.5186 0.5067 0.4790 0.5008 0.4781 
avg train acc: 0.7024 avg test acc: 0.4967 min train acc: 0.5110(0) min test acc: 0.4679(13)
Attack result:(0.494, 0.49390243902439024, 0.486) (243, 249, 251, 257)
iter 350:
0.5032 0.7055 0.7215 0.7281 0.6409 0.6881 0.7550 0.6986 0.7513 0.7227 0.6877 0.7217 0.7126 0.7431 0.7394 0.6729 0.7663 0.7329 0.7148 0.7566 0.7272 0.7046 0.6842 0.7258 0.6921 0.7089 0.7279 0.7093 0.7323 0.7701 
0.4947 0.5070 0.5306 0.5242 0.5297 0.5307 0.4866 0.5322 0.5031 0.4949 0.5082 0.4564 0.4909 0.4961 0.4993 0.5131 0.4987 0.5167 0.5154 0.5286 0.5183 0.5254 0.5262 0.5117 0.5020 0.5394 0.5355 0.5145 0.5222 0.5004 
avg train acc: 0.7115 avg test acc: 0.5118 min train acc: 0.5032(0) min test acc: 0.4564(11)
Attack result:(0.468, 0.46774193548387094, 0.464) (232, 264, 236, 268)
iter 375:
0.5063 0.7172 0.7338 0.7299 0.6830 0.7108 0.7690 0.7023 0.7574 0.7177 0.7126 0.7528 0.7225 0.7576 0.7781 0.6788 0.7611 0.7351 0.7079 0.7536 0.7270 0.7135 0.7018 0.7178 0.7018 0.7087 0.7213 0.7444 0.6734 0.7803 
0.5068 0.5181 0.5201 0.5444 0.5288 0.5390 0.5235 0.5533 0.4950 0.5184 0.5133 0.5001 0.4931 0.4940 0.5162 0.5270 0.5142 0.5116 0.5327 0.5106 0.5117 0.5303 0.5367 0.5115 0.5253 0.5443 0.5161 0.5032 0.5303 0.5126 
avg train acc: 0.7193 avg test acc: 0.5194 min train acc: 0.5063(0) min test acc: 0.4931(12)
Attack result:(0.489, 0.48940269749518306, 0.508) (254, 265, 235, 246)
iter 400:
0.5451 0.7186 0.7298 0.7371 0.6574 0.7095 0.7803 0.7165 0.7581 0.7159 0.7290 0.7413 0.7351 0.7727 0.7884 0.6895 0.7767 0.7427 0.7164 0.7295 0.7418 0.7280 0.6873 0.7386 0.7173 0.7136 0.7550 0.7350 0.7244 0.7817 
0.5384 0.5507 0.5340 0.5556 0.5473 0.5561 0.5319 0.5474 0.5186 0.5247 0.5409 0.5054 0.5173 0.5223 0.5372 0.5482 0.5337 0.5293 0.5311 0.5493 0.5524 0.5298 0.5430 0.5300 0.5290 0.5434 0.5223 0.5197 0.5589 0.5163 
avg train acc: 0.7271 avg test acc: 0.5355 min train acc: 0.5451(0) min test acc: 0.5054(11)
Attack result:(0.497, 0.4972375690607735, 0.54) (270, 273, 227, 230)
iter 410:
0.5217 0.7225 0.7494 0.7486 0.6652 0.7080 0.7739 0.7273 0.7594 0.6978 0.7064 0.7497 0.7244 0.7671 0.7855 0.6807 0.7725 0.7438 0.7032 0.7535 0.7326 0.6842 0.6953 0.7328 0.7058 0.7195 0.7310 0.7376 0.7289 0.7873 
0.5123 0.5387 0.5470 0.5451 0.5426 0.5562 0.5327 0.5407 0.5160 0.5531 0.5453 0.5159 0.5048 0.5115 0.5311 0.5580 0.5516 0.5171 0.5319 0.5483 0.5587 0.5387 0.5353 0.5339 0.5273 0.5460 0.5397 0.5219 0.5436 0.5148 
avg train acc: 0.7239 avg test acc: 0.5353 min train acc: 0.5217(0) min test acc: 0.5048(12)
Attack result:(0.484, 0.48443579766536965, 0.498) (249, 265, 235, 251)
iter 420:
0.5422 0.7397 0.7395 0.7468 0.7045 0.7159 0.7677 0.7009 0.7407 0.7140 0.7019 0.7429 0.7211 0.7569 0.7739 0.6832 0.7738 0.7373 0.7147 0.7475 0.7366 0.7105 0.6917 0.7135 0.6944 0.7104 0.7568 0.7376 0.6995 0.7945 
0.5381 0.5400 0.5620 0.5669 0.5456 0.5493 0.5211 0.5461 0.5184 0.5234 0.5269 0.4854 0.5185 0.4859 0.5097 0.5396 0.5335 0.5187 0.5333 0.5652 0.5480 0.5425 0.5515 0.5514 0.5209 0.5563 0.5450 0.5324 0.5427 0.5309 
avg train acc: 0.7237 avg test acc: 0.5350 min train acc: 0.5422(0) min test acc: 0.4854(11)
Attack result:(0.483, 0.48451730418943534, 0.532) (266, 283, 217, 234)
iter 430:
0.5357 0.7296 0.7287 0.7296 0.6753 0.6975 0.7786 0.7086 0.7354 0.7397 0.7212 0.7590 0.7343 0.7697 0.7743 0.6917 0.7783 0.7437 0.7164 0.7553 0.7464 0.7296 0.7092 0.7191 0.7046 0.7164 0.7396 0.7356 0.7035 0.7923 
0.5321 0.5413 0.5228 0.5660 0.5445 0.5339 0.5276 0.5631 0.5367 0.5354 0.5561 0.5178 0.5482 0.5332 0.5611 0.5399 0.5462 0.5427 0.5392 0.5490 0.5482 0.5437 0.5520 0.5474 0.5451 0.5646 0.5188 0.5026 0.5358 0.5161 
avg train acc: 0.7266 avg test acc: 0.5404 min train acc: 0.5357(0) min test acc: 0.5026(27)
Attack result:(0.485, 0.48628884826325414, 0.532) (266, 281, 219, 234)
iter 440:
0.5372 0.7433 0.7405 0.7585 0.6210 0.6788 0.7873 0.7132 0.7577 0.7220 0.7125 0.7653 0.7272 0.7684 0.7812 0.7093 0.7740 0.7379 0.7180 0.7555 0.7409 0.6972 0.6991 0.7136 0.6974 0.7117 0.7685 0.7454 0.7309 0.7796 
0.5339 0.5428 0.5355 0.5579 0.5615 0.5448 0.5340 0.5449 0.5456 0.5275 0.5696 0.5229 0.5401 0.5036 0.5298 0.5499 0.5088 0.5203 0.5130 0.5557 0.5549 0.5495 0.5442 0.5587 0.5589 0.5627 0.5615 0.5427 0.5467 0.5282 
avg train acc: 0.7264 avg test acc: 0.5417 min train acc: 0.5372(0) min test acc: 0.5036(13)
Attack result:(0.485, 0.4856046065259117, 0.506) (253, 268, 232, 247)
iter 450:
0.5200 0.7406 0.7468 0.7527 0.7018 0.6888 0.7780 0.7065 0.7540 0.7338 0.7238 0.7403 0.7483 0.7667 0.7933 0.7051 0.7762 0.7460 0.7220 0.7299 0.7259 0.7157 0.7087 0.7122 0.7217 0.7102 0.7626 0.7489 0.7090 0.7940 
0.5186 0.5549 0.5610 0.5663 0.5487 0.5620 0.5403 0.5472 0.5468 0.5309 0.5303 0.5185 0.5375 0.5431 0.5316 0.5592 0.5386 0.5194 0.5391 0.5399 0.5267 0.5370 0.5403 0.5503 0.5406 0.5650 0.5578 0.5340 0.5586 0.5246 
avg train acc: 0.7294 avg test acc: 0.5423 min train acc: 0.5200(0) min test acc: 0.5185(11)
Attack result:(0.481, 0.4819047619047619, 0.506) (253, 272, 228, 247)
iter 460:
0.5440 0.7410 0.7473 0.7503 0.6784 0.7265 0.7800 0.7151 0.7815 0.7437 0.7369 0.7660 0.7431 0.7669 0.7958 0.7156 0.7659 0.7395 0.7305 0.7471 0.7367 0.6991 0.7193 0.6949 0.7205 0.6888 0.7425 0.7295 0.7115 0.7934 
0.5453 0.5574 0.5568 0.5580 0.5438 0.5550 0.5418 0.5622 0.5580 0.5384 0.5533 0.5343 0.5321 0.5203 0.5506 0.5636 0.5410 0.5445 0.5545 0.5705 0.5439 0.5195 0.5448 0.5597 0.5473 0.5686 0.5238 0.4751 0.5299 0.5202 
avg train acc: 0.7317 avg test acc: 0.5438 min train acc: 0.5440(0) min test acc: 0.4751(27)
Attack result:(0.479, 0.48066298342541436, 0.522) (261, 282, 218, 239)
iter 470:
0.5511 0.7585 0.7468 0.7511 0.6721 0.7249 0.7870 0.7291 0.7609 0.7345 0.7197 0.7667 0.7389 0.7718 0.7783 0.7063 0.7835 0.7519 0.7172 0.7749 0.7380 0.7091 0.7191 0.7289 0.7131 0.7238 0.7402 0.7414 0.7129 0.7896 
0.5492 0.5348 0.5748 0.5790 0.5747 0.5715 0.5266 0.5509 0.5428 0.5462 0.5623 0.5261 0.5262 0.5161 0.5603 0.5689 0.5527 0.5379 0.5527 0.5583 0.5510 0.5484 0.5650 0.5478 0.5476 0.5667 0.5511 0.5243 0.5555 0.5305 
avg train acc: 0.7347 avg test acc: 0.5500 min train acc: 0.5511(0) min test acc: 0.5161(13)
Attack result:(0.482, 0.48398576512455516, 0.544) (272, 290, 210, 228)
iter 480:
0.5346 0.7361 0.7571 0.7484 0.6621 0.7003 0.7829 0.7158 0.7744 0.7243 0.7219 0.7618 0.7441 0.7725 0.7837 0.7102 0.7849 0.7607 0.7433 0.7552 0.7375 0.7355 0.7102 0.7231 0.7191 0.7098 0.7479 0.7313 0.6956 0.7963 
0.5367 0.5479 0.5696 0.5795 0.5646 0.5700 0.5338 0.5703 0.5563 0.5450 0.5526 0.5260 0.5188 0.5476 0.5566 0.5627 0.5552 0.5437 0.5467 0.5516 0.5398 0.5527 0.5422 0.5422 0.5581 0.5752 0.5489 0.5511 0.5579 0.5233 
avg train acc: 0.7327 avg test acc: 0.5509 min train acc: 0.5346(0) min test acc: 0.5188(12)
Attack result:(0.493, 0.49355432780847147, 0.536) (268, 275, 225, 232)
iter 490:
0.5286 0.7466 0.7509 0.7546 0.6859 0.7229 0.7916 0.7215 0.7681 0.7383 0.7389 0.7708 0.7468 0.7586 0.7871 0.7071 0.7779 0.7497 0.7125 0.7734 0.7467 0.7331 0.7209 0.7370 0.7095 0.7005 0.7487 0.7426 0.7352 0.7946 
0.5267 0.5532 0.5740 0.5722 0.5669 0.5600 0.5384 0.5615 0.5459 0.5379 0.5639 0.5287 0.5571 0.5337 0.5259 0.5736 0.5482 0.5452 0.5503 0.5783 0.5619 0.5651 0.5513 0.5522 0.5251 0.5572 0.5437 0.5002 0.5490 0.5343 
avg train acc: 0.7367 avg test acc: 0.5494 min train acc: 0.5286(0) min test acc: 0.5002(27)
Attack result:(0.482, 0.48314606741573035, 0.516) (258, 276, 224, 242)
iter 500:
0.5556 0.7553 0.7646 0.7615 0.7239 0.7272 0.7915 0.7273 0.7761 0.7504 0.7354 0.7708 0.7381 0.7742 0.8009 0.7100 0.7955 0.7461 0.7374 0.7743 0.7381 0.7197 0.7334 0.7448 0.7278 0.7349 0.7698 0.7580 0.7330 0.7867 
0.5547 0.5638 0.5713 0.5714 0.5728 0.5810 0.5468 0.5672 0.5509 0.5620 0.5845 0.5340 0.5583 0.5559 0.5608 0.5766 0.5525 0.5482 0.5702 0.5723 0.5608 0.5803 0.5770 0.5598 0.5456 0.5779 0.5555 0.5380 0.5685 0.5244 
avg train acc: 0.7454 avg test acc: 0.5614 min train acc: 0.5556(0) min test acc: 0.5244(29)
Attack result:(0.494, 0.49477351916376305, 0.568) (284, 290, 210, 216)
iter 525:
0.5558 0.7511 0.7475 0.7327 0.6585 0.7298 0.7876 0.7229 0.7439 0.7321 0.7462 0.7727 0.7533 0.7649 0.7962 0.7222 0.7917 0.7657 0.7547 0.7840 0.7553 0.7341 0.7255 0.7392 0.7212 0.7057 0.7631 0.7479 0.7517 0.8032 
0.5512 0.5481 0.5587 0.5872 0.5554 0.5730 0.5522 0.5730 0.5558 0.5619 0.5650 0.5539 0.5607 0.5152 0.5593 0.5797 0.5506 0.5603 0.5752 0.5743 0.5821 0.5758 0.5732 0.5617 0.5432 0.5870 0.5597 0.5384 0.5588 0.5439 
avg train acc: 0.7420 avg test acc: 0.5612 min train acc: 0.5558(0) min test acc: 0.5152(13)
Attack result:(0.49, 0.49119718309859156, 0.558) (279, 289, 211, 221)
iter 550:
0.5474 0.7619 0.7599 0.7727 0.6742 0.7226 0.8021 0.7531 0.7749 0.7347 0.7380 0.7674 0.7494 0.7878 0.8029 0.7232 0.7880 0.7613 0.7520 0.7833 0.7549 0.7436 0.7285 0.7688 0.7394 0.7508 0.7497 0.7542 0.7409 0.7976 
0.5479 0.5752 0.5830 0.5854 0.5785 0.5862 0.5620 0.5858 0.5577 0.5720 0.5702 0.5497 0.5266 0.5472 0.5665 0.5859 0.5707 0.5762 0.5623 0.6014 0.5920 0.5783 0.5819 0.5652 0.5606 0.5934 0.5583 0.5345 0.5714 0.5536 
avg train acc: 0.7495 avg test acc: 0.5693 min train acc: 0.5474(0) min test acc: 0.5266(12)
Attack result:(0.489, 0.49005424954792043, 0.542) (271, 282, 218, 229)
iter 575:
0.5736 0.7619 0.7737 0.7715 0.6947 0.7433 0.8016 0.7288 0.7746 0.7483 0.7546 0.7863 0.7624 0.7902 0.7975 0.7330 0.7854 0.7599 0.7277 0.7864 0.7620 0.7392 0.7235 0.7446 0.7303 0.7260 0.7620 0.7522 0.7673 0.7978 
0.5736 0.5899 0.5928 0.5915 0.5841 0.5791 0.5609 0.5851 0.5743 0.5566 0.5770 0.5551 0.5603 0.5720 0.5909 0.5870 0.5992 0.5596 0.5718 0.5794 0.5855 0.5629 0.5606 0.5566 0.5579 0.5866 0.5683 0.5699 0.5796 0.5726 
avg train acc: 0.7520 avg test acc: 0.5747 min train acc: 0.5736(0) min test acc: 0.5551(11)
Attack result:(0.496, 0.4965635738831615, 0.578) (289, 293, 207, 211)
iter 600:
0.5410 0.7709 0.7465 0.7522 0.6988 0.6927 0.7810 0.7442 0.7648 0.7515 0.7307 0.7715 0.7670 0.7924 0.7943 0.7320 0.7977 0.7534 0.7461 0.7849 0.7550 0.7501 0.7170 0.7610 0.7338 0.7555 0.7787 0.7618 0.7299 0.8046 
0.5407 0.5832 0.5952 0.5862 0.5653 0.5902 0.5374 0.5848 0.5736 0.5745 0.5676 0.5287 0.5619 0.5498 0.5742 0.5869 0.5612 0.5701 0.5864 0.5973 0.5951 0.5747 0.5845 0.5938 0.5853 0.5912 0.5666 0.5399 0.5881 0.5546 
avg train acc: 0.7487 avg test acc: 0.5730 min train acc: 0.5410(0) min test acc: 0.5287(11)
Attack result:(0.488, 0.488929889298893, 0.53) (265, 277, 223, 235)
iter 625:
0.5701 0.7819 0.7584 0.7599 0.7213 0.7481 0.8044 0.7533 0.7931 0.7625 0.7536 0.7866 0.7598 0.7943 0.8045 0.7298 0.7999 0.7622 0.7410 0.7668 0.7531 0.7458 0.7286 0.7751 0.7493 0.7687 0.7729 0.7734 0.7313 0.8078 
0.5695 0.5902 0.6081 0.5973 0.6138 0.6022 0.5614 0.5943 0.5676 0.5760 0.5719 0.5663 0.5658 0.5662 0.5804 0.6027 0.5881 0.5695 0.5370 0.5793 0.5710 0.5698 0.5868 0.5712 0.5865 0.6042 0.5891 0.5655 0.5999 0.5575 
avg train acc: 0.7586 avg test acc: 0.5803 min train acc: 0.5701(0) min test acc: 0.5370(18)
Attack result:(0.494, 0.49473684210526314, 0.564) (282, 288, 212, 218)
iter 650:
0.5594 0.7767 0.7620 0.7757 0.6633 0.7219 0.8038 0.7539 0.7722 0.7384 0.7639 0.7896 0.7790 0.7952 0.8185 0.7320 0.8065 0.7741 0.7608 0.7916 0.7612 0.7536 0.7508 0.7491 0.7410 0.7464 0.7767 0.7678 0.7548 0.8108 
0.5587 0.5688 0.5919 0.6046 0.6114 0.5934 0.5705 0.6016 0.6081 0.5939 0.6190 0.5664 0.5838 0.5673 0.5917 0.5959 0.5993 0.5704 0.5833 0.5944 0.5789 0.5903 0.5934 0.5885 0.5855 0.6070 0.6022 0.5614 0.5739 0.5635 
avg train acc: 0.7584 avg test acc: 0.5873 min train acc: 0.5594(0) min test acc: 0.5587(0)
Attack result:(0.493, 0.4938704028021016, 0.564) (282, 289, 211, 218)
iter 675:
0.5847 0.7730 0.7714 0.7787 0.7219 0.7349 0.8030 0.7408 0.7902 0.7651 0.7476 0.7484 0.7492 0.7762 0.7994 0.7361 0.7878 0.7777 0.7489 0.8038 0.7671 0.7428 0.7340 0.7411 0.7291 0.7393 0.7745 0.7845 0.7366 0.8069 
0.5866 0.5923 0.5871 0.6114 0.6028 0.5939 0.5742 0.5957 0.5855 0.5778 0.5761 0.5733 0.5789 0.5419 0.5546 0.5916 0.5747 0.5948 0.5764 0.5920 0.5939 0.5861 0.5861 0.5833 0.5674 0.5992 0.5851 0.5601 0.5894 0.5628 
avg train acc: 0.7565 avg test acc: 0.5825 min train acc: 0.5847(0) min test acc: 0.5419(13)
Attack result:(0.486, 0.4882154882154882, 0.58) (290, 304, 196, 210)
iter 700:
0.5691 0.7662 0.7663 0.7600 0.7389 0.7504 0.8080 0.7427 0.7879 0.7627 0.7607 0.7738 0.7738 0.7892 0.8112 0.7435 0.8042 0.7829 0.7617 0.8116 0.7756 0.7701 0.7630 0.7685 0.7377 0.7355 0.7900 0.7792 0.7316 0.8221 
0.5697 0.5995 0.6001 0.6127 0.5975 0.5973 0.5837 0.5984 0.5771 0.5755 0.6004 0.5717 0.5957 0.5548 0.5843 0.6141 0.6130 0.5772 0.6041 0.6169 0.6158 0.6034 0.6147 0.5965 0.5708 0.6187 0.5983 0.5858 0.5951 0.5754 
avg train acc: 0.7646 avg test acc: 0.5939 min train acc: 0.5691(0) min test acc: 0.5548(13)
Attack result:(0.487, 0.48845470692717585, 0.55) (275, 288, 212, 225)
iter 725:
0.5954 0.7822 0.7648 0.7896 0.7375 0.7384 0.8090 0.7637 0.7993 0.7652 0.7511 0.7920 0.7698 0.7840 0.8047 0.7408 0.8052 0.7781 0.7555 0.8046 0.7665 0.7674 0.7467 0.7786 0.7441 0.7687 0.7717 0.7736 0.7691 0.8126 
0.5927 0.6009 0.5834 0.6087 0.6006 0.6008 0.5864 0.6126 0.5843 0.5953 0.6014 0.5677 0.5738 0.5809 0.5871 0.6128 0.5975 0.5972 0.6102 0.6102 0.5988 0.6101 0.6121 0.6020 0.5845 0.6030 0.5897 0.5676 0.6118 0.5817 
avg train acc: 0.7677 avg test acc: 0.5955 min train acc: 0.5954(0) min test acc: 0.5676(27)
Attack result:(0.492, 0.4930555555555556, 0.568) (284, 292, 208, 216)
iter 750:
0.5939 0.7767 0.7903 0.7869 0.7496 0.7407 0.8076 0.7495 0.8010 0.7752 0.7749 0.7908 0.7903 0.8105 0.8250 0.7647 0.8014 0.7864 0.7587 0.7731 0.7670 0.7551 0.7453 0.7813 0.7262 0.7668 0.7707 0.7906 0.7827 0.8233 
0.5943 0.6008 0.6113 0.6163 0.6115 0.6244 0.5750 0.6014 0.5993 0.5855 0.6148 0.5854 0.6007 0.5990 0.6137 0.6153 0.5987 0.6125 0.6096 0.6113 0.6082 0.6059 0.5944 0.5872 0.5887 0.6176 0.5978 0.5914 0.6082 0.5949 
avg train acc: 0.7719 avg test acc: 0.6025 min train acc: 0.5939(0) min test acc: 0.5750(6)
Attack result:(0.479, 0.48258706467661694, 0.582) (291, 312, 188, 209)
iter 775:
0.5791 0.7791 0.7908 0.7667 0.7674 0.7433 0.8044 0.7590 0.7863 0.7788 0.7783 0.8040 0.7916 0.8047 0.8199 0.7593 0.8120 0.7819 0.7576 0.7873 0.7634 0.7639 0.7642 0.7599 0.7641 0.7561 0.7899 0.7779 0.7673 0.8260 
0.5778 0.6038 0.6204 0.6199 0.6131 0.6261 0.5773 0.6059 0.6190 0.6153 0.6008 0.5950 0.5983 0.5653 0.6096 0.6286 0.6027 0.6040 0.5950 0.6118 0.6245 0.6197 0.6050 0.5934 0.6009 0.6222 0.6009 0.5995 0.5977 0.5957 
avg train acc: 0.7728 avg test acc: 0.6050 min train acc: 0.5791(0) min test acc: 0.5653(13)
Attack result:(0.496, 0.4965034965034965, 0.568) (284, 288, 212, 216)
iter 800:
0.6007 0.7555 0.7879 0.7905 0.7549 0.7319 0.8161 0.7589 0.8037 0.7696 0.7747 0.7983 0.7870 0.8056 0.8277 0.7630 0.8218 0.7848 0.7640 0.7889 0.7640 0.7541 0.7662 0.7731 0.7591 0.7671 0.7933 0.7908 0.7940 0.8185 
0.5941 0.6108 0.6040 0.6255 0.6169 0.6150 0.5916 0.5976 0.6023 0.6159 0.6093 0.5758 0.6035 0.5907 0.6053 0.6279 0.6107 0.6132 0.6025 0.6206 0.6340 0.6098 0.6100 0.6068 0.5907 0.6176 0.6171 0.6039 0.6089 0.5765 
avg train acc: 0.7755 avg test acc: 0.6069 min train acc: 0.6007(0) min test acc: 0.5758(11)
Attack result:(0.489, 0.4907563025210084, 0.584) (292, 303, 197, 208)
***** Best Attack Result ********
{
    "iter": 25,
    "attack_metric": [
        0.5,
        0.5,
        0.034
    ],
    "pred_distribution": [
        17,
        17,
        483,
        483
    ]
}
