************* DL Setting *************
   Seed = 3407
   Setting = s6
   Graph = er30
   Number of Attacker = 1
   Sample per user/ Num of Cover = 4166
   Num of member/non-member = 300
   Normal User Batch size = 128
   Attacker Batch size = 256
   Attack = angle
   Defense = median
   data distribution = non-iid
   Init LR = 0.01
   LR Decay = [800]
   Max Iter = 800
   Normal Train Iter = 200
**************************************
iter 25:
0.0617 0.0280 0.3451 0.2282 0.0582 0.1850 0.0267 0.0398 0.1638 0.0178 0.1957 0.0295 0.0939 0.1455 0.0185 0.0730 0.2203 0.2375 0.1835 0.2712 0.0255 0.1665 0.0295 0.0846 0.0382 0.0341 0.3315 0.3910 0.2593 0.2551 
0.0594 0.0488 0.0264 0.0344 0.0621 0.0470 0.0544 0.0562 0.0355 0.0350 0.0527 0.0607 0.0501 0.0414 0.0371 0.0631 0.0741 0.0540 0.0424 0.0370 0.0478 0.0701 0.0459 0.0608 0.0486 0.0502 0.0735 0.0559 0.0380 0.0566 
avg train acc: 0.1413 avg test acc: 0.0506 min train acc: 0.0178(9) min test acc: 0.0264(2)
Attack result:(0.49666666666666665, 0.4722222222222222, 0.056666666666666664) (17, 19, 281, 283)
iter 50:
0.1686 0.1828 0.2773 0.2923 0.1250 0.1709 0.2909 0.2088 0.2954 0.0743 0.2320 0.0752 0.2013 0.0755 0.1874 0.1457 0.2294 0.3085 0.2930 0.1274 0.3754 0.2305 0.0565 0.2009 0.0705 0.0786 0.2576 0.1849 0.3362 0.5354 
0.1638 0.1505 0.1506 0.0861 0.0979 0.1482 0.1586 0.1777 0.1337 0.0982 0.1266 0.1433 0.1190 0.1289 0.1113 0.1007 0.1879 0.1229 0.1578 0.1012 0.1768 0.1570 0.0726 0.1422 0.0863 0.1046 0.1592 0.1431 0.1534 0.1455 
avg train acc: 0.2096 avg test acc: 0.1335 min train acc: 0.0565(22) min test acc: 0.0726(22)
Attack result:(0.5066666666666667, 0.5204081632653061, 0.17) (51, 47, 253, 249)
iter 75:
0.2646 0.3107 0.5318 0.3556 0.1261 0.2215 0.3031 0.3203 0.2647 0.1143 0.1646 0.1339 0.2361 0.2068 0.3348 0.1611 0.3531 0.2967 0.3682 0.2323 0.4344 0.3338 0.1178 0.2496 0.0981 0.1330 0.3458 0.2235 0.4391 0.4491 
0.2568 0.1932 0.2515 0.1625 0.1324 0.2245 0.2149 0.2537 0.1837 0.1342 0.1737 0.1934 0.2411 0.2356 0.2221 0.1391 0.2864 0.2023 0.2206 0.1553 0.2604 0.2024 0.1411 0.2456 0.1130 0.1800 0.2361 0.2092 0.2630 0.2695 
avg train acc: 0.2708 avg test acc: 0.2066 min train acc: 0.0981(24) min test acc: 0.1130(24)
Attack result:(0.51, 0.5214285714285715, 0.24333333333333335) (73, 67, 233, 227)
iter 100:
0.3386 0.3752 0.5487 0.2853 0.1412 0.3223 0.2628 0.4844 0.3731 0.1804 0.1937 0.1429 0.2792 0.3510 0.2489 0.2224 0.4278 0.1920 0.4165 0.1134 0.4421 0.3416 0.1681 0.1943 0.1802 0.2773 0.3172 0.1451 0.3918 0.5819 
0.3197 0.2984 0.3106 0.2015 0.1835 0.3016 0.2848 0.3310 0.2564 0.1701 0.1856 0.2561 0.2894 0.3183 0.3000 0.1951 0.3431 0.2749 0.2950 0.1814 0.3139 0.2363 0.1826 0.2490 0.1228 0.2521 0.3460 0.2325 0.2947 0.3171 
avg train acc: 0.2980 avg test acc: 0.2614 min train acc: 0.1134(19) min test acc: 0.1228(24)
Attack result:(0.49333333333333335, 0.489247311827957, 0.30333333333333334) (91, 95, 205, 209)
iter 125:
0.3635 0.3795 0.5272 0.3072 0.2236 0.4117 0.3315 0.4600 0.4707 0.1965 0.3065 0.1868 0.2980 0.3562 0.3434 0.2941 0.4277 0.3710 0.3762 0.1490 0.4905 0.4183 0.1788 0.4276 0.2077 0.2730 0.5223 0.2014 0.4293 0.5942 
0.3614 0.3757 0.3613 0.2457 0.2201 0.3698 0.3294 0.3834 0.3301 0.2112 0.2873 0.2787 0.3182 0.3651 0.3620 0.2495 0.3840 0.3658 0.3143 0.2079 0.3743 0.2991 0.1979 0.3200 0.1891 0.2806 0.3843 0.2856 0.3276 0.3712 
avg train acc: 0.3508 avg test acc: 0.3117 min train acc: 0.1490(19) min test acc: 0.1891(24)
Attack result:(0.475, 0.46113989637305697, 0.2966666666666667) (89, 104, 196, 211)
iter 150:
0.3848 0.4948 0.5417 0.3329 0.2701 0.4451 0.3654 0.4438 0.3852 0.2480 0.2086 0.1531 0.3038 0.3493 0.4139 0.3515 0.4933 0.4454 0.4100 0.1368 0.5427 0.3019 0.1784 0.3527 0.1588 0.3621 0.5343 0.2838 0.4392 0.6371 
0.3758 0.3910 0.3537 0.2708 0.2534 0.3726 0.3607 0.3999 0.2811 0.2280 0.2424 0.2736 0.3312 0.3624 0.3939 0.2531 0.4240 0.3921 0.3227 0.1834 0.3854 0.2458 0.1743 0.3367 0.1556 0.2991 0.4063 0.2490 0.3543 0.3951 
avg train acc: 0.3656 avg test acc: 0.3156 min train acc: 0.1368(19) min test acc: 0.1556(24)
Attack result:(0.51, 0.5138888888888888, 0.37) (111, 105, 195, 189)
iter 175:
0.4133 0.4605 0.5971 0.3877 0.2969 0.4065 0.4273 0.4615 0.4096 0.2602 0.2552 0.1752 0.3864 0.4135 0.4665 0.3156 0.5518 0.5564 0.4156 0.0945 0.4989 0.2524 0.1877 0.3392 0.0865 0.4069 0.5463 0.3014 0.4519 0.6443 
0.3921 0.3716 0.3870 0.3073 0.2565 0.3766 0.3598 0.4241 0.2860 0.2066 0.2696 0.2547 0.3133 0.3805 0.4325 0.2301 0.4287 0.4035 0.3298 0.1617 0.4253 0.2190 0.1522 0.3676 0.1290 0.3411 0.4224 0.2938 0.4045 0.4041 
avg train acc: 0.3822 avg test acc: 0.3244 min train acc: 0.0865(24) min test acc: 0.1290(24)
Attack result:(0.5366666666666666, 0.5491071428571429, 0.41) (123, 101, 199, 177)
iter 200:
0.4404 0.4696 0.6289 0.3517 0.2743 0.4658 0.4828 0.4911 0.4540 0.3427 0.3048 0.3049 0.4516 0.5162 0.4403 0.3803 0.5676 0.5554 0.4097 0.2132 0.5548 0.3898 0.2911 0.4460 0.1316 0.4795 0.5090 0.4124 0.5163 0.6105 
0.4218 0.3781 0.4153 0.3503 0.3009 0.4046 0.3897 0.4398 0.3293 0.2489 0.3134 0.3337 0.3840 0.4603 0.4383 0.2830 0.4641 0.4197 0.3617 0.1893 0.4391 0.2778 0.2102 0.4226 0.1653 0.4399 0.4454 0.3296 0.4332 0.4469 
avg train acc: 0.4295 avg test acc: 0.3645 min train acc: 0.1316(24) min test acc: 0.1653(24)
Attack result:(0.5233333333333333, 0.5296610169491526, 0.4166666666666667) (125, 111, 189, 175)
iter 225:
0.4646 0.4310 0.6636 0.2996 0.2604 0.3802 0.5005 0.5963 0.5396 0.3466 0.3738 0.3378 0.5228 0.5389 0.5204 0.3551 0.5970 0.4998 0.4037 0.1880 0.6177 0.4112 0.3319 0.3759 0.1407 0.4931 0.5197 0.4718 0.4896 0.6629 
0.4485 0.3695 0.4502 0.3098 0.2877 0.4192 0.3547 0.4597 0.3928 0.2357 0.3389 0.3627 0.4291 0.4614 0.4528 0.3025 0.4803 0.3961 0.3493 0.1779 0.4597 0.3214 0.2696 0.4339 0.1895 0.4562 0.4593 0.3766 0.4410 0.4748 
avg train acc: 0.4445 avg test acc: 0.3787 min train acc: 0.1407(24) min test acc: 0.1779(19)
Attack result:(0.53, 0.5375, 0.43) (129, 111, 189, 171)
iter 250:
0.4604 0.3657 0.6668 0.3795 0.2952 0.3432 0.4509 0.6052 0.5080 0.3802 0.3780 0.3547 0.5324 0.4684 0.5118 0.3734 0.6104 0.5181 0.4360 0.3526 0.5839 0.4660 0.4011 0.3716 0.1920 0.5157 0.5838 0.5032 0.4193 0.6827 
0.4476 0.3882 0.4624 0.3503 0.3302 0.4067 0.3873 0.4881 0.3965 0.2721 0.4196 0.3666 0.4575 0.4775 0.4632 0.3450 0.4879 0.3942 0.3787 0.2259 0.4779 0.3567 0.3233 0.4107 0.2367 0.4627 0.4636 0.3763 0.4555 0.4596 
avg train acc: 0.4570 avg test acc: 0.3989 min train acc: 0.1920(24) min test acc: 0.2259(19)
Attack result:(0.5283333333333333, 0.5349794238683128, 0.43333333333333335) (130, 113, 187, 170)
iter 275:
0.4831 0.4158 0.6676 0.4678 0.3008 0.3958 0.5501 0.6210 0.4395 0.4057 0.4375 0.3606 0.5525 0.4630 0.3736 0.3822 0.5657 0.5389 0.4382 0.3186 0.5137 0.4680 0.4205 0.4433 0.2418 0.4857 0.5768 0.5037 0.5545 0.6517 
0.4790 0.4192 0.4631 0.3988 0.3693 0.4484 0.4281 0.4981 0.3737 0.3266 0.4145 0.3598 0.4966 0.4821 0.4157 0.3749 0.4969 0.4427 0.3942 0.2465 0.4784 0.3896 0.3638 0.4354 0.2701 0.4806 0.4924 0.3679 0.4748 0.4857 
avg train acc: 0.4679 avg test acc: 0.4189 min train acc: 0.2418(24) min test acc: 0.2465(19)
Attack result:(0.5066666666666667, 0.5071428571428571, 0.47333333333333333) (142, 138, 162, 158)
iter 300:
0.4935 0.4867 0.6728 0.3530 0.3102 0.4651 0.4592 0.5922 0.3818 0.4605 0.4840 0.2892 0.5755 0.5000 0.3209 0.3746 0.5626 0.4783 0.4454 0.3317 0.5476 0.5364 0.4131 0.4742 0.2829 0.5014 0.4905 0.4405 0.4218 0.6694 
0.4703 0.4396 0.4752 0.3966 0.3520 0.4599 0.4301 0.5202 0.3451 0.3177 0.4764 0.3149 0.5229 0.5002 0.3843 0.3719 0.5014 0.4231 0.3890 0.2591 0.4767 0.4332 0.3640 0.4531 0.2928 0.4843 0.4714 0.3265 0.4693 0.4997 
avg train acc: 0.4605 avg test acc: 0.4207 min train acc: 0.2829(24) min test acc: 0.2591(19)
Attack result:(0.48833333333333334, 0.4876325088339223, 0.46) (138, 145, 155, 162)
iter 325:
0.4585 0.4084 0.6663 0.4685 0.2971 0.3880 0.4572 0.5924 0.2932 0.4519 0.5485 0.2719 0.5192 0.5195 0.3431 0.3829 0.5230 0.3807 0.4129 0.3712 0.6134 0.5687 0.3530 0.5038 0.2856 0.5969 0.4998 0.3539 0.4966 0.6648 
0.4464 0.4323 0.4732 0.3737 0.3603 0.4597 0.4427 0.5145 0.3119 0.3639 0.4446 0.3158 0.5005 0.4966 0.3954 0.3733 0.5002 0.3904 0.4092 0.2809 0.4565 0.4376 0.3434 0.4679 0.2779 0.4995 0.4465 0.2859 0.4575 0.4908 
avg train acc: 0.4564 avg test acc: 0.4150 min train acc: 0.2719(11) min test acc: 0.2779(24)
Attack result:(0.5216666666666666, 0.5239852398523985, 0.47333333333333333) (142, 129, 171, 158)
iter 350:
0.4449 0.3767 0.6614 0.5276 0.3649 0.4247 0.5264 0.6064 0.3083 0.4514 0.4640 0.3142 0.5197 0.5744 0.4265 0.3766 0.6083 0.3574 0.4804 0.3183 0.6213 0.6358 0.3112 0.5179 0.3448 0.6156 0.4252 0.3595 0.4482 0.6130 
0.4224 0.4156 0.4812 0.3963 0.3854 0.4725 0.4402 0.5131 0.3136 0.4076 0.4621 0.3517 0.4515 0.5271 0.4293 0.3650 0.5126 0.3761 0.4241 0.3219 0.4801 0.4784 0.3251 0.4988 0.3004 0.5175 0.4587 0.3169 0.4505 0.4973 
avg train acc: 0.4675 avg test acc: 0.4264 min train acc: 0.3083(8) min test acc: 0.3004(24)
Attack result:(0.51, 0.51171875, 0.43666666666666665) (131, 125, 175, 169)
iter 375:
0.4461 0.3201 0.6452 0.5145 0.3754 0.4635 0.4749 0.6256 0.3293 0.4849 0.5111 0.2587 0.4683 0.5106 0.5142 0.4044 0.5928 0.3597 0.4822 0.3075 0.5132 0.6662 0.3506 0.5022 0.3393 0.6135 0.4440 0.3751 0.3598 0.6131 
0.4268 0.3900 0.4755 0.3943 0.3832 0.4963 0.4509 0.5351 0.3334 0.4029 0.4745 0.3123 0.4235 0.4850 0.4826 0.3713 0.5148 0.3340 0.4247 0.3576 0.4517 0.5129 0.3132 0.5113 0.3219 0.5182 0.4430 0.3437 0.4554 0.5109 
avg train acc: 0.4622 avg test acc: 0.4284 min train acc: 0.2587(11) min test acc: 0.3123(11)
Attack result:(0.52, 0.525, 0.42) (126, 114, 186, 174)
iter 400:
0.4289 0.3060 0.6507 0.5165 0.3358 0.4866 0.4988 0.5971 0.3311 0.4497 0.5408 0.2601 0.4431 0.5275 0.5851 0.3966 0.6219 0.3061 0.4925 0.4565 0.5485 0.6684 0.3133 0.5973 0.3428 0.6439 0.4401 0.3824 0.4073 0.6419 
0.4080 0.3547 0.4770 0.4172 0.3994 0.5253 0.4753 0.5554 0.3322 0.4422 0.5000 0.3267 0.4078 0.5084 0.5111 0.3974 0.5348 0.3007 0.4635 0.4004 0.4458 0.5207 0.3112 0.5201 0.3423 0.5172 0.4346 0.3540 0.4165 0.5052 
avg train acc: 0.4739 avg test acc: 0.4368 min train acc: 0.2601(11) min test acc: 0.3007(17)
Attack result:(0.5166666666666667, 0.5203252032520326, 0.4266666666666667) (128, 118, 182, 172)
iter 410:
0.4286 0.3114 0.6446 0.5804 0.3582 0.4940 0.5460 0.6378 0.3062 0.4542 0.5140 0.2970 0.4077 0.5212 0.5311 0.4308 0.6402 0.2719 0.5005 0.4243 0.5088 0.6797 0.3247 0.5739 0.3466 0.6720 0.4352 0.3537 0.3773 0.6062 
0.4099 0.3556 0.4656 0.4389 0.4305 0.5207 0.4813 0.5430 0.3109 0.4416 0.5055 0.3414 0.4005 0.5004 0.5061 0.4221 0.5461 0.2996 0.4805 0.3944 0.4291 0.5159 0.3023 0.5138 0.3305 0.5417 0.4383 0.3414 0.4066 0.4945 
avg train acc: 0.4726 avg test acc: 0.4370 min train acc: 0.2719(17) min test acc: 0.2996(17)
Attack result:(0.5083333333333333, 0.5100401606425703, 0.42333333333333334) (127, 122, 178, 173)
iter 420:
0.4016 0.2800 0.6182 0.4911 0.3538 0.4645 0.4413 0.6544 0.3273 0.4268 0.5549 0.3507 0.3910 0.5138 0.5376 0.4352 0.6754 0.3104 0.5447 0.4910 0.5906 0.6850 0.2970 0.5231 0.3275 0.6772 0.4553 0.3542 0.3561 0.6073 
0.3861 0.3239 0.4495 0.4077 0.4160 0.5274 0.4732 0.5518 0.3483 0.4480 0.5415 0.3701 0.3819 0.4941 0.5272 0.4218 0.5472 0.3202 0.4762 0.3939 0.4660 0.5316 0.2956 0.5233 0.3280 0.5283 0.4453 0.3345 0.4046 0.4929 
avg train acc: 0.4712 avg test acc: 0.4385 min train acc: 0.2800(1) min test acc: 0.2956(22)
Attack result:(0.5133333333333333, 0.5176991150442478, 0.39) (117, 109, 191, 183)
iter 430:
0.3752 0.2696 0.6035 0.4598 0.3163 0.4694 0.4628 0.5682 0.3154 0.4310 0.5751 0.3014 0.3766 0.4626 0.6181 0.4249 0.6530 0.2950 0.5214 0.4485 0.5319 0.6727 0.2528 0.6081 0.3161 0.6730 0.4563 0.3499 0.3616 0.6337 
0.3602 0.3194 0.4225 0.4149 0.3805 0.5153 0.4811 0.5453 0.3328 0.4314 0.5215 0.3329 0.3840 0.4800 0.5215 0.4159 0.5352 0.3084 0.4570 0.3725 0.4243 0.5068 0.2643 0.5159 0.2980 0.5201 0.4259 0.3214 0.3821 0.4758 
avg train acc: 0.4601 avg test acc: 0.4222 min train acc: 0.2528(22) min test acc: 0.2643(22)
Attack result:(0.5216666666666666, 0.5305164319248826, 0.37666666666666665) (113, 100, 200, 187)
iter 440:
0.3910 0.2675 0.6329 0.4033 0.2828 0.4957 0.4962 0.6051 0.2774 0.4584 0.5235 0.3024 0.4025 0.4967 0.6490 0.4369 0.7030 0.2776 0.5249 0.4333 0.4499 0.6162 0.2631 0.4734 0.3306 0.6438 0.3849 0.3552 0.3467 0.6664 
0.3753 0.3264 0.4562 0.3913 0.3594 0.5222 0.4882 0.5411 0.3168 0.4356 0.5155 0.3220 0.3936 0.4599 0.5260 0.4270 0.5418 0.2593 0.4649 0.3828 0.3599 0.4978 0.2588 0.4834 0.2903 0.5253 0.3892 0.3335 0.3956 0.4998 
avg train acc: 0.4530 avg test acc: 0.4180 min train acc: 0.2631(22) min test acc: 0.2588(22)
Attack result:(0.5183333333333333, 0.5251141552511416, 0.38333333333333336) (115, 104, 196, 185)
iter 450:
0.3629 0.2432 0.5540 0.3853 0.2866 0.4955 0.4788 0.6006 0.3400 0.4545 0.5538 0.3658 0.3197 0.4931 0.5843 0.4594 0.6344 0.2916 0.5456 0.4837 0.4856 0.6511 0.2340 0.5155 0.3121 0.6000 0.4597 0.3320 0.2998 0.5900 
0.3473 0.2948 0.4025 0.4041 0.3838 0.5211 0.4843 0.5355 0.3572 0.4351 0.5207 0.3563 0.3341 0.4835 0.5062 0.4197 0.5419 0.2967 0.4781 0.3869 0.4166 0.5172 0.2482 0.4904 0.2921 0.5309 0.4308 0.2998 0.3526 0.4643 
avg train acc: 0.4471 avg test acc: 0.4178 min train acc: 0.2340(22) min test acc: 0.2482(22)
Attack result:(0.5033333333333333, 0.5050505050505051, 0.3333333333333333) (100, 98, 202, 200)
iter 460:
0.3638 0.2673 0.5893 0.4366 0.3056 0.5146 0.5138 0.5605 0.3513 0.4785 0.6138 0.3109 0.3369 0.4355 0.5663 0.4799 0.6205 0.3198 0.5200 0.4295 0.5234 0.6320 0.2297 0.5107 0.2739 0.5822 0.4511 0.3186 0.3663 0.6154 
0.3508 0.3290 0.4186 0.3973 0.3605 0.5218 0.4886 0.5311 0.3439 0.4301 0.5077 0.3391 0.3438 0.4515 0.5091 0.4386 0.5450 0.3144 0.4799 0.3571 0.4155 0.4735 0.2374 0.4828 0.2611 0.5100 0.4397 0.3154 0.3890 0.4659 
avg train acc: 0.4506 avg test acc: 0.4149 min train acc: 0.2297(22) min test acc: 0.2374(22)
Attack result:(0.5033333333333333, 0.5050505050505051, 0.3333333333333333) (100, 98, 202, 200)
iter 470:
0.3856 0.2829 0.6013 0.4450 0.2614 0.5026 0.5123 0.5606 0.4095 0.5049 0.5744 0.2899 0.4214 0.4732 0.5206 0.4840 0.6088 0.3259 0.5318 0.4703 0.4910 0.6449 0.2669 0.4801 0.2728 0.6404 0.4469 0.3194 0.3411 0.6383 
0.3654 0.3679 0.4194 0.3837 0.3365 0.5199 0.4920 0.5296 0.3604 0.4327 0.5328 0.3345 0.3911 0.4418 0.5183 0.4534 0.5300 0.3110 0.4669 0.3787 0.3822 0.4869 0.2638 0.4835 0.3040 0.4807 0.4179 0.3316 0.3964 0.4733 
avg train acc: 0.4569 avg test acc: 0.4195 min train acc: 0.2614(4) min test acc: 0.2638(22)
Attack result:(0.495, 0.49282296650717705, 0.3433333333333333) (103, 106, 194, 197)
iter 480:
0.3763 0.3564 0.5948 0.3767 0.2564 0.5573 0.4956 0.5099 0.4718 0.4466 0.5616 0.3411 0.4108 0.3966 0.5390 0.4057 0.6009 0.3433 0.5142 0.3965 0.4918 0.6581 0.2498 0.5032 0.2560 0.5800 0.4000 0.3275 0.3826 0.6205 
0.3591 0.3604 0.4085 0.3528 0.3115 0.5488 0.4799 0.5324 0.4052 0.4002 0.5241 0.3293 0.3621 0.4089 0.5134 0.4201 0.5396 0.3258 0.4472 0.3716 0.3934 0.4948 0.2331 0.4985 0.2668 0.4473 0.4217 0.3312 0.4081 0.4799 
avg train acc: 0.4474 avg test acc: 0.4125 min train acc: 0.2498(22) min test acc: 0.2331(22)
Attack result:(0.51, 0.5138888888888888, 0.37) (111, 105, 195, 189)
iter 490:
0.3483 0.3595 0.5802 0.3540 0.2651 0.5868 0.4791 0.5220 0.5646 0.4528 0.4708 0.3045 0.3540 0.3233 0.5825 0.4086 0.5725 0.3816 0.4997 0.4366 0.4955 0.5607 0.2227 0.4671 0.2143 0.5662 0.4531 0.3587 0.3731 0.6491 
0.3316 0.3657 0.3926 0.3469 0.2984 0.5211 0.4866 0.5021 0.4333 0.4030 0.5081 0.3235 0.3446 0.3951 0.5158 0.4296 0.5519 0.3953 0.4762 0.3606 0.4245 0.4697 0.2262 0.5032 0.2484 0.4375 0.4335 0.3366 0.4235 0.4607 
avg train acc: 0.4402 avg test acc: 0.4115 min train acc: 0.2143(24) min test acc: 0.2262(22)
Attack result:(0.5333333333333333, 0.5561797752808989, 0.33) (99, 79, 221, 201)
iter 500:
0.3547 0.3805 0.5884 0.3732 0.2538 0.5835 0.5468 0.5274 0.5278 0.4436 0.4503 0.3142 0.3627 0.3614 0.5772 0.4740 0.6732 0.4116 0.5467 0.4539 0.4536 0.5891 0.2196 0.5577 0.2217 0.5449 0.4480 0.3348 0.3714 0.6235 
0.3341 0.4381 0.3979 0.3558 0.3059 0.5310 0.5042 0.5054 0.4328 0.4015 0.5140 0.3333 0.3673 0.3762 0.5336 0.4420 0.5656 0.4094 0.4827 0.3588 0.4002 0.4630 0.2315 0.5053 0.2501 0.4108 0.4376 0.3378 0.4685 0.4662 
avg train acc: 0.4523 avg test acc: 0.4187 min train acc: 0.2196(22) min test acc: 0.2315(22)
Attack result:(0.5316666666666666, 0.5508021390374331, 0.3433333333333333) (103, 84, 216, 197)
iter 525:
0.3921 0.5593 0.6217 0.4704 0.3107 0.6494 0.5864 0.5180 0.5642 0.4013 0.4587 0.3743 0.4375 0.3830 0.4929 0.4296 0.6916 0.5274 0.5798 0.4996 0.6365 0.5285 0.2794 0.5688 0.2127 0.5283 0.5538 0.4190 0.5667 0.6824 
0.3817 0.5073 0.4639 0.3895 0.2984 0.5563 0.5123 0.5107 0.4864 0.3450 0.5273 0.3891 0.4343 0.4069 0.5398 0.3839 0.5725 0.5055 0.5109 0.3679 0.4962 0.4708 0.2743 0.5347 0.2584 0.4157 0.5176 0.4335 0.5338 0.5277 
avg train acc: 0.4975 avg test acc: 0.4517 min train acc: 0.2127(24) min test acc: 0.2584(24)
Attack result:(0.5183333333333333, 0.5242290748898678, 0.39666666666666667) (119, 108, 192, 181)
iter 550:
0.4738 0.6184 0.6921 0.5477 0.3844 0.6365 0.5667 0.6214 0.5231 0.3543 0.4356 0.4325 0.5237 0.4422 0.4954 0.3939 0.6576 0.6534 0.5866 0.4834 0.6237 0.5203 0.3520 0.5933 0.2507 0.6135 0.6678 0.4856 0.6686 0.7028 
0.4682 0.5328 0.5431 0.4388 0.3549 0.5585 0.5222 0.5600 0.4508 0.3393 0.4991 0.4340 0.5034 0.4704 0.5607 0.3693 0.5743 0.5475 0.5191 0.3735 0.5464 0.4885 0.3350 0.5358 0.2679 0.4912 0.5658 0.4905 0.5595 0.5574 
avg train acc: 0.5334 avg test acc: 0.4819 min train acc: 0.2507(24) min test acc: 0.2679(24)
Attack result:(0.515, 0.5164835164835165, 0.47) (141, 132, 168, 159)
iter 575:
0.4702 0.5752 0.7126 0.5160 0.3556 0.5142 0.5850 0.6296 0.4382 0.3507 0.3946 0.4163 0.5252 0.4769 0.5490 0.3866 0.6293 0.6362 0.5400 0.3982 0.6736 0.5419 0.3508 0.6136 0.2415 0.6617 0.6777 0.4450 0.6545 0.6564 
0.4549 0.5355 0.5451 0.4380 0.3474 0.5377 0.4962 0.5664 0.4157 0.3168 0.4482 0.4649 0.4970 0.5085 0.5569 0.3594 0.5743 0.5417 0.5020 0.3275 0.5597 0.4603 0.3205 0.5179 0.2339 0.5190 0.5675 0.4828 0.5622 0.5581 
avg train acc: 0.5205 avg test acc: 0.4739 min train acc: 0.2415(24) min test acc: 0.2339(24)
Attack result:(0.48833333333333334, 0.4866920152091255, 0.4266666666666667) (128, 135, 165, 172)
iter 600:
0.4797 0.5753 0.6980 0.5269 0.3714 0.5181 0.4540 0.6395 0.4847 0.2942 0.3271 0.3905 0.5460 0.5348 0.6346 0.3981 0.6421 0.6481 0.6138 0.3145 0.6758 0.5453 0.3239 0.5903 0.2085 0.6585 0.6495 0.5068 0.6665 0.6984 
0.4586 0.5013 0.5674 0.4258 0.3626 0.5228 0.4743 0.5827 0.4095 0.3137 0.4062 0.4482 0.5000 0.5242 0.5733 0.3611 0.5781 0.5332 0.5024 0.2731 0.5694 0.4519 0.2954 0.5367 0.2071 0.5448 0.5901 0.4951 0.5782 0.5763 
avg train acc: 0.5205 avg test acc: 0.4721 min train acc: 0.2085(24) min test acc: 0.2071(24)
Attack result:(0.49833333333333335, 0.4981684981684982, 0.4533333333333333) (136, 137, 163, 164)
iter 625:
0.4848 0.5128 0.6951 0.4845 0.3452 0.4320 0.4413 0.6688 0.4489 0.2805 0.2816 0.3030 0.5290 0.5240 0.6316 0.3793 0.6706 0.6162 0.6032 0.1559 0.6524 0.5428 0.2998 0.6459 0.1749 0.6382 0.6052 0.5057 0.6368 0.6848 
0.4655 0.4324 0.5506 0.4031 0.3752 0.4849 0.4372 0.5729 0.3906 0.2969 0.3521 0.4170 0.5122 0.5242 0.5804 0.3369 0.5687 0.4771 0.4865 0.2270 0.5468 0.4297 0.2978 0.5335 0.1876 0.5505 0.5525 0.4910 0.5598 0.5698 
avg train acc: 0.4958 avg test acc: 0.4537 min train acc: 0.1559(19) min test acc: 0.1876(24)
Attack result:(0.48333333333333334, 0.4828767123287671, 0.47) (141, 151, 149, 159)
iter 650:
0.4497 0.5118 0.6923 0.3972 0.2991 0.3153 0.4055 0.6462 0.4734 0.2438 0.2988 0.4089 0.5175 0.5240 0.6241 0.4303 0.6195 0.5306 0.5801 0.1084 0.7105 0.5666 0.3410 0.5151 0.1765 0.6791 0.5629 0.5511 0.6323 0.6955 
0.4391 0.4322 0.5480 0.3760 0.3765 0.4049 0.4114 0.5886 0.4108 0.2980 0.3610 0.4513 0.5116 0.5105 0.5784 0.3455 0.5703 0.4327 0.4475 0.2006 0.5491 0.4466 0.2947 0.5141 0.1770 0.5436 0.5463 0.4869 0.5659 0.5780 
avg train acc: 0.4836 avg test acc: 0.4466 min train acc: 0.1084(19) min test acc: 0.1770(24)
Attack result:(0.5033333333333333, 0.5040650406504065, 0.41333333333333333) (124, 122, 178, 176)
iter 675:
0.4751 0.3735 0.6653 0.3264 0.2549 0.3976 0.4028 0.6638 0.5453 0.2682 0.3750 0.3979 0.4736 0.4831 0.6141 0.4706 0.6270 0.5897 0.5265 0.1235 0.7029 0.5962 0.2924 0.4788 0.1966 0.5911 0.6431 0.3733 0.6475 0.7431 
0.4594 0.4186 0.5374 0.3726 0.3706 0.4415 0.4069 0.5786 0.4605 0.2971 0.3901 0.4044 0.4997 0.4940 0.5782 0.3360 0.5668 0.4622 0.3881 0.2092 0.5646 0.4346 0.3000 0.5095 0.1939 0.5568 0.5532 0.4662 0.5636 0.5885 
avg train acc: 0.4773 avg test acc: 0.4468 min train acc: 0.1235(19) min test acc: 0.1939(24)
Attack result:(0.5016666666666667, 0.501779359430605, 0.47) (141, 140, 160, 159)
iter 700:
0.4880 0.4373 0.6134 0.3537 0.2343 0.3880 0.4393 0.6519 0.5315 0.3420 0.3501 0.4446 0.5166 0.5179 0.6743 0.4940 0.6753 0.6159 0.4948 0.1611 0.6724 0.6230 0.3804 0.4880 0.2163 0.5383 0.5711 0.2847 0.5220 0.6981 
0.4688 0.4705 0.4756 0.4047 0.3906 0.4554 0.4630 0.5834 0.4305 0.3389 0.3879 0.4544 0.5108 0.5096 0.5730 0.3885 0.5848 0.4833 0.4056 0.2535 0.5711 0.4116 0.3331 0.5171 0.2343 0.5371 0.5277 0.3936 0.5561 0.5858 
avg train acc: 0.4806 avg test acc: 0.4567 min train acc: 0.1611(19) min test acc: 0.2343(24)
Attack result:(0.49166666666666664, 0.49122807017543857, 0.4666666666666667) (140, 145, 155, 160)
iter 725:
0.5105 0.5667 0.6494 0.4167 0.2253 0.5328 0.5160 0.6528 0.5555 0.3687 0.4336 0.5686 0.4653 0.4985 0.6510 0.5445 0.7184 0.6110 0.4449 0.2132 0.6407 0.6234 0.3944 0.4896 0.3220 0.5267 0.6498 0.2590 0.5128 0.6920 
0.4935 0.5323 0.4985 0.4269 0.4078 0.5314 0.5093 0.5788 0.4942 0.3947 0.4729 0.4882 0.5095 0.5271 0.5819 0.4673 0.5827 0.5224 0.4293 0.3174 0.5429 0.4214 0.3756 0.5083 0.3120 0.5227 0.5353 0.3523 0.5613 0.5836 
avg train acc: 0.5085 avg test acc: 0.4827 min train acc: 0.2132(19) min test acc: 0.3120(24)
Attack result:(0.5, 0.5, 0.48) (144, 144, 156, 156)
iter 750:
0.5107 0.5816 0.6972 0.3769 0.2380 0.6049 0.4564 0.7254 0.5556 0.3435 0.4895 0.5411 0.5416 0.5995 0.6038 0.5384 0.7512 0.6366 0.4919 0.1886 0.5521 0.5855 0.4108 0.5488 0.3097 0.5127 0.6682 0.2253 0.5365 0.6379 
0.5040 0.5424 0.5527 0.4523 0.4034 0.5746 0.5162 0.5887 0.5053 0.4125 0.4867 0.5136 0.5327 0.5498 0.5765 0.4726 0.5968 0.5537 0.4313 0.3225 0.5365 0.4371 0.3830 0.5083 0.3010 0.5141 0.5790 0.3574 0.5484 0.6127 
avg train acc: 0.5153 avg test acc: 0.4955 min train acc: 0.1886(19) min test acc: 0.3010(24)
Attack result:(0.4716666666666667, 0.47249190938511326, 0.4866666666666667) (146, 163, 137, 154)
iter 775:
0.5181 0.5219 0.7261 0.3601 0.2550 0.5934 0.4748 0.6874 0.5369 0.3508 0.4850 0.5214 0.6267 0.5861 0.5244 0.5250 0.7282 0.5948 0.4701 0.2102 0.6561 0.6211 0.4996 0.5374 0.3336 0.5690 0.7015 0.2489 0.5024 0.7089 
0.5106 0.5286 0.5579 0.4468 0.4021 0.6047 0.5244 0.6078 0.5302 0.3983 0.5075 0.5023 0.5771 0.5440 0.5362 0.4694 0.5912 0.5705 0.4592 0.3496 0.5676 0.4576 0.4312 0.5455 0.3275 0.5066 0.6024 0.4024 0.5394 0.5988 
avg train acc: 0.5225 avg test acc: 0.5066 min train acc: 0.2102(19) min test acc: 0.3275(24)
Attack result:(0.47833333333333333, 0.4794952681388013, 0.5066666666666667) (152, 165, 135, 148)
iter 800:
0.5106 0.5074 0.7475 0.4277 0.2819 0.5845 0.5176 0.7147 0.5675 0.3608 0.4620 0.5043 0.6256 0.5724 0.5572 0.5194 0.7353 0.5547 0.4612 0.2647 0.6988 0.5989 0.4765 0.5268 0.3908 0.5750 0.7516 0.2573 0.6642 0.7304 
0.5049 0.5253 0.5904 0.4526 0.4253 0.5903 0.5379 0.5938 0.5185 0.4022 0.5087 0.5136 0.5637 0.5800 0.5350 0.4941 0.6053 0.5653 0.4695 0.3558 0.5807 0.4837 0.4396 0.5343 0.3455 0.5441 0.5947 0.4373 0.5584 0.6052 
avg train acc: 0.5382 avg test acc: 0.5152 min train acc: 0.2573(27) min test acc: 0.3455(24)
Attack result:(0.46166666666666667, 0.46254071661237783, 0.47333333333333333) (142, 165, 135, 158)
***** Best Attack Result ********
{
    "iter": 175,
    "attack_metric": [
        0.5366666666666666,
        0.5491071428571429,
        0.41
    ],
    "pred_distribution": [
        123,
        101,
        199,
        177
    ]
}
