************* DL Setting *************
   Seed = 3407
   Setting = s6
   Graph = er30
   Number of Attacker = 1
   Sample per user/ Num of Cover = 4166
   Num of member/non-member = 300
   Normal User Batch size = 128
   Attacker Batch size = 256
   Attack = angle
   Defense = median
   data distribution = iid
   Init LR = 0.01
   LR Decay = [800]
   Max Iter = 800
   Normal Train Iter = 200
**************************************
iter 25:
0.1961 0.2065 0.2542 0.1584 0.1738 0.2000 0.2232 0.2169 0.1951 0.1689 0.1904 0.1972 0.2152 0.2267 0.2323 0.1908 0.2375 0.2197 0.2070 0.0991 0.2146 0.2061 0.1384 0.2110 0.1145 0.2452 0.2457 0.1715 0.2194 0.2358 
0.1819 0.2057 0.2343 0.1558 0.1738 0.1913 0.2131 0.2123 0.1914 0.1717 0.1843 0.1969 0.2078 0.2154 0.2222 0.1882 0.2294 0.2163 0.2072 0.1007 0.2233 0.2076 0.1427 0.2017 0.1125 0.2275 0.2323 0.1615 0.2175 0.2227 
avg train acc: 0.2004 avg test acc: 0.1950 min train acc: 0.0991(19) min test acc: 0.1007(19)
Attack result:(0.515, 0.5454545454545454, 0.18) (54, 45, 255, 246)
iter 50:
0.3523 0.3326 0.3857 0.1778 0.1775 0.3774 0.2719 0.4080 0.2701 0.1546 0.2836 0.2876 0.3105 0.3729 0.3533 0.2018 0.3728 0.3468 0.2718 0.1488 0.3887 0.2895 0.1732 0.3456 0.1490 0.2645 0.3913 0.2640 0.3969 0.3889 
0.3375 0.3248 0.3716 0.1805 0.1760 0.3777 0.2701 0.3822 0.2686 0.1533 0.2763 0.2891 0.3008 0.3642 0.3461 0.2063 0.3650 0.3509 0.2711 0.1501 0.3806 0.2890 0.1743 0.3498 0.1462 0.2638 0.3816 0.2536 0.3811 0.3756 
avg train acc: 0.2970 avg test acc: 0.2919 min train acc: 0.1488(19) min test acc: 0.1462(24)
Attack result:(0.53, 0.5428571428571428, 0.38) (114, 96, 204, 186)
iter 75:
0.4258 0.4251 0.4729 0.2470 0.2127 0.4454 0.3277 0.4700 0.2790 0.2136 0.2462 0.4126 0.3408 0.4481 0.3972 0.3111 0.4420 0.4120 0.3465 0.1975 0.3977 0.2475 0.2005 0.3583 0.1959 0.3635 0.4701 0.2312 0.4554 0.4508 
0.4123 0.4202 0.4591 0.2493 0.2115 0.4487 0.3355 0.4566 0.2720 0.2183 0.2459 0.4069 0.3220 0.4337 0.3944 0.3075 0.4365 0.3981 0.3517 0.2030 0.3929 0.2452 0.2019 0.3507 0.1922 0.3540 0.4650 0.2302 0.4473 0.4383 
avg train acc: 0.3481 avg test acc: 0.3434 min train acc: 0.1959(24) min test acc: 0.1922(24)
Attack result:(0.5083333333333333, 0.5104602510460251, 0.4066666666666667) (122, 117, 183, 178)
iter 100:
0.4712 0.4796 0.4856 0.3165 0.2722 0.4865 0.3612 0.5331 0.3083 0.2637 0.3056 0.4842 0.4384 0.5053 0.4327 0.3708 0.5019 0.4452 0.3745 0.2063 0.4333 0.2915 0.2518 0.4321 0.2131 0.4101 0.5142 0.3128 0.4675 0.5162 
0.4580 0.4736 0.4725 0.3247 0.2749 0.4885 0.3581 0.4972 0.3038 0.2674 0.3012 0.4798 0.4248 0.4950 0.4296 0.3830 0.5037 0.4391 0.3812 0.2123 0.4375 0.2938 0.2491 0.4262 0.2119 0.4107 0.4988 0.3081 0.4590 0.5045 
avg train acc: 0.3962 avg test acc: 0.3923 min train acc: 0.2063(19) min test acc: 0.2119(24)
Attack result:(0.505, 0.5059760956175299, 0.42333333333333334) (127, 124, 176, 173)
iter 125:
0.5051 0.5030 0.5201 0.3290 0.3141 0.5184 0.3917 0.5559 0.3373 0.2788 0.3495 0.5136 0.4737 0.5169 0.4764 0.3924 0.5391 0.4530 0.4053 0.2246 0.4923 0.3717 0.2875 0.4402 0.2334 0.4815 0.5587 0.4199 0.4948 0.5587 
0.4873 0.5023 0.5158 0.3318 0.3176 0.5094 0.3813 0.5308 0.3286 0.2773 0.3404 0.5094 0.4564 0.5058 0.4679 0.3949 0.5357 0.4465 0.4039 0.2288 0.4896 0.3669 0.2852 0.4290 0.2276 0.4826 0.5398 0.4096 0.5026 0.5389 
avg train acc: 0.4312 avg test acc: 0.4248 min train acc: 0.2246(19) min test acc: 0.2276(24)
Attack result:(0.475, 0.4721189591078067, 0.42333333333333334) (127, 142, 158, 173)
iter 150:
0.5280 0.5285 0.5411 0.3599 0.3609 0.5293 0.4223 0.5986 0.3895 0.3204 0.3920 0.5083 0.4845 0.5584 0.5218 0.3934 0.5727 0.4918 0.4309 0.2534 0.5349 0.4076 0.2884 0.4645 0.2429 0.5019 0.5903 0.4691 0.5363 0.5945 
0.5052 0.5291 0.5347 0.3697 0.3623 0.5243 0.4279 0.5613 0.3779 0.3221 0.3821 0.5161 0.4740 0.5406 0.5095 0.4012 0.5664 0.4865 0.4387 0.2572 0.5333 0.4029 0.2941 0.4585 0.2410 0.5146 0.5750 0.4623 0.5421 0.5727 
avg train acc: 0.4605 avg test acc: 0.4561 min train acc: 0.2429(24) min test acc: 0.2410(24)
Attack result:(0.5066666666666667, 0.5071428571428571, 0.47333333333333333) (142, 138, 162, 158)
iter 175:
0.5583 0.5768 0.5775 0.3874 0.3925 0.5705 0.4634 0.6282 0.4186 0.3626 0.4066 0.5436 0.5260 0.5780 0.5692 0.4319 0.6032 0.5295 0.4710 0.2858 0.5667 0.4497 0.3354 0.5198 0.2731 0.5567 0.6327 0.5125 0.5780 0.6301 
0.5417 0.5712 0.5725 0.3983 0.3964 0.5592 0.4649 0.5957 0.4111 0.3614 0.3941 0.5448 0.5143 0.5580 0.5649 0.4449 0.5938 0.5255 0.4767 0.2882 0.5559 0.4357 0.3399 0.5082 0.2789 0.5664 0.6060 0.5032 0.5874 0.5933 
avg train acc: 0.4978 avg test acc: 0.4918 min train acc: 0.2731(24) min test acc: 0.2789(24)
Attack result:(0.48, 0.4805194805194805, 0.49333333333333335) (148, 160, 140, 152)
iter 200:
0.5525 0.5931 0.5885 0.4605 0.4484 0.5577 0.5113 0.6439 0.4486 0.4120 0.4378 0.5660 0.5277 0.6027 0.5813 0.4677 0.6209 0.5500 0.5189 0.2869 0.5853 0.4599 0.3451 0.5240 0.2792 0.5987 0.6425 0.5195 0.5954 0.6422 
0.5332 0.5934 0.5876 0.4654 0.4562 0.5540 0.5073 0.6106 0.4308 0.4069 0.4219 0.5759 0.5183 0.5897 0.5732 0.4761 0.6162 0.5444 0.5163 0.2855 0.5868 0.4492 0.3465 0.5189 0.2803 0.5970 0.6061 0.5088 0.5945 0.6070 
avg train acc: 0.5189 avg test acc: 0.5119 min train acc: 0.2792(24) min test acc: 0.2803(24)
Attack result:(0.485, 0.48494983277591974, 0.48333333333333334) (145, 154, 146, 155)
iter 225:
0.5822 0.5874 0.5876 0.4333 0.4682 0.5511 0.4963 0.6778 0.5030 0.4173 0.4702 0.5636 0.5505 0.6104 0.6217 0.4714 0.6350 0.5547 0.4972 0.2965 0.6305 0.5032 0.3701 0.5720 0.3068 0.6099 0.6508 0.5715 0.6128 0.6683 
0.5637 0.5813 0.5822 0.4506 0.4674 0.5387 0.5043 0.6293 0.4869 0.4106 0.4540 0.5739 0.5427 0.5956 0.6132 0.4826 0.6295 0.5499 0.5010 0.2966 0.6152 0.4967 0.3711 0.5573 0.3009 0.6110 0.6230 0.5631 0.6125 0.6284 
avg train acc: 0.5357 avg test acc: 0.5278 min train acc: 0.2965(19) min test acc: 0.2966(19)
Attack result:(0.485, 0.48580441640378547, 0.5133333333333333) (154, 163, 137, 146)
iter 250:
0.5948 0.5464 0.5973 0.4089 0.4275 0.5616 0.4932 0.6809 0.5361 0.3957 0.4844 0.5133 0.5595 0.6062 0.6227 0.4397 0.6205 0.5894 0.4665 0.3073 0.6189 0.5356 0.3818 0.5830 0.3146 0.6087 0.6585 0.5832 0.6244 0.6682 
0.5718 0.5499 0.5959 0.4235 0.4309 0.5523 0.4985 0.6297 0.5189 0.3891 0.4749 0.5312 0.5573 0.5877 0.6118 0.4509 0.6117 0.5807 0.4766 0.3095 0.6145 0.5166 0.3886 0.5805 0.3110 0.6074 0.6342 0.5753 0.6168 0.6270 
avg train acc: 0.5343 avg test acc: 0.5275 min train acc: 0.3073(19) min test acc: 0.3095(19)
Attack result:(0.49333333333333335, 0.4940119760479042, 0.55) (165, 169, 131, 135)
iter 275:
0.6007 0.5550 0.6021 0.4194 0.4426 0.5647 0.4886 0.6872 0.5274 0.3971 0.4739 0.5348 0.5809 0.6006 0.6338 0.4385 0.6455 0.6006 0.4587 0.2941 0.6329 0.5344 0.3803 0.5885 0.3092 0.6242 0.6704 0.5991 0.6265 0.6930 
0.5813 0.5569 0.5988 0.4243 0.4395 0.5552 0.4881 0.6364 0.5107 0.3970 0.4700 0.5468 0.5708 0.5867 0.6260 0.4493 0.6286 0.5926 0.4637 0.2955 0.6186 0.5200 0.3808 0.5826 0.3010 0.6232 0.6446 0.5779 0.6194 0.6421 
avg train acc: 0.5402 avg test acc: 0.5309 min train acc: 0.2941(19) min test acc: 0.2955(19)
Attack result:(0.48833333333333334, 0.4894894894894895, 0.5433333333333333) (163, 170, 130, 137)
iter 300:
0.5769 0.5801 0.6093 0.4369 0.4573 0.5681 0.4998 0.7065 0.5125 0.4076 0.4838 0.5542 0.5841 0.6092 0.6502 0.4475 0.6500 0.6105 0.4810 0.2754 0.6425 0.5221 0.3767 0.5932 0.2943 0.6451 0.6842 0.5858 0.6445 0.6967 
0.5648 0.5801 0.6023 0.4474 0.4568 0.5604 0.4980 0.6540 0.4942 0.4111 0.4741 0.5664 0.5756 0.5998 0.6365 0.4618 0.6431 0.6000 0.4945 0.2822 0.6275 0.5133 0.3793 0.5891 0.2899 0.6396 0.6537 0.5797 0.6361 0.6513 
avg train acc: 0.5462 avg test acc: 0.5388 min train acc: 0.2754(19) min test acc: 0.2822(19)
Attack result:(0.495, 0.4954128440366973, 0.54) (162, 165, 135, 138)
iter 325:
0.5867 0.6026 0.5951 0.4300 0.4724 0.5273 0.5196 0.7151 0.5183 0.4035 0.4680 0.5870 0.5434 0.6313 0.6582 0.4741 0.6634 0.5540 0.5056 0.2870 0.6448 0.5089 0.3642 0.5662 0.2964 0.6520 0.6730 0.5795 0.6511 0.6992 
0.5632 0.6002 0.5914 0.4451 0.4691 0.5225 0.5196 0.6542 0.5003 0.4082 0.4600 0.5926 0.5393 0.6181 0.6468 0.4909 0.6527 0.5508 0.5116 0.2918 0.6318 0.4989 0.3655 0.5548 0.2904 0.6358 0.6389 0.5691 0.6363 0.6489 
avg train acc: 0.5459 avg test acc: 0.5366 min train acc: 0.2870(19) min test acc: 0.2904(24)
Attack result:(0.47833333333333333, 0.4793650793650794, 0.5033333333333333) (151, 164, 136, 149)
iter 350:
0.6137 0.5712 0.6312 0.4157 0.4297 0.5845 0.5057 0.7200 0.5156 0.3865 0.4736 0.5521 0.5694 0.6341 0.6506 0.4496 0.6699 0.5890 0.4804 0.2995 0.6493 0.5317 0.3684 0.5798 0.3005 0.6531 0.6921 0.5812 0.6582 0.7093 
0.5931 0.5762 0.6206 0.4288 0.4341 0.5738 0.5046 0.6637 0.5026 0.3894 0.4713 0.5608 0.5622 0.6152 0.6390 0.4599 0.6574 0.5851 0.4865 0.3036 0.6414 0.5123 0.3731 0.5749 0.2997 0.6426 0.6687 0.5720 0.6421 0.6672 
avg train acc: 0.5489 avg test acc: 0.5407 min train acc: 0.2995(19) min test acc: 0.2997(24)
Attack result:(0.485, 0.48656716417910445, 0.5433333333333333) (163, 172, 128, 137)
iter 375:
0.6329 0.6116 0.6449 0.4592 0.4669 0.6150 0.5142 0.7350 0.5342 0.4138 0.4940 0.5972 0.6072 0.6509 0.6465 0.4720 0.6781 0.6259 0.5000 0.3222 0.6657 0.5411 0.3924 0.6008 0.3305 0.6612 0.7067 0.6200 0.6564 0.7324 
0.6156 0.6072 0.6335 0.4673 0.4599 0.6054 0.5185 0.6684 0.5186 0.4147 0.4954 0.5945 0.5952 0.6276 0.6392 0.4892 0.6656 0.6178 0.5034 0.3257 0.6545 0.5349 0.3968 0.5924 0.3259 0.6463 0.6772 0.6026 0.6354 0.6701 
avg train acc: 0.5710 avg test acc: 0.5600 min train acc: 0.3222(19) min test acc: 0.3257(19)
Attack result:(0.49, 0.4915254237288136, 0.58) (174, 180, 120, 126)
iter 400:
0.6485 0.6445 0.6733 0.4950 0.4953 0.6546 0.5467 0.7477 0.5376 0.4462 0.5207 0.6133 0.6290 0.6585 0.6721 0.4998 0.6953 0.6389 0.5518 0.3370 0.6659 0.5649 0.4382 0.6230 0.3572 0.6714 0.7280 0.6088 0.6618 0.7507 
0.6321 0.6357 0.6574 0.5007 0.4960 0.6476 0.5451 0.6870 0.5218 0.4443 0.5173 0.6165 0.6219 0.6472 0.6528 0.5184 0.6792 0.6342 0.5521 0.3417 0.6504 0.5473 0.4401 0.6137 0.3536 0.6632 0.6889 0.6030 0.6506 0.6894 
avg train acc: 0.5925 avg test acc: 0.5816 min train acc: 0.3370(19) min test acc: 0.3417(19)
Attack result:(0.5, 0.5, 0.61) (183, 183, 117, 117)
iter 410:
0.6492 0.6535 0.6703 0.5035 0.5089 0.6551 0.5780 0.7396 0.5411 0.4646 0.5115 0.6437 0.6073 0.6842 0.6872 0.5332 0.7055 0.6261 0.5701 0.3515 0.6809 0.5377 0.4278 0.6040 0.3684 0.6974 0.7252 0.5925 0.6806 0.7415 
0.6330 0.6460 0.6616 0.5087 0.5057 0.6389 0.5794 0.6841 0.5246 0.4528 0.5069 0.6327 0.6066 0.6658 0.6724 0.5514 0.6864 0.6218 0.5621 0.3603 0.6636 0.5276 0.4315 0.5981 0.3654 0.6738 0.6891 0.5849 0.6679 0.6822 
avg train acc: 0.5980 avg test acc: 0.5862 min train acc: 0.3515(19) min test acc: 0.3603(19)
Attack result:(0.48, 0.4835164835164835, 0.5866666666666667) (176, 188, 112, 124)
iter 420:
0.6710 0.6450 0.6882 0.4931 0.4967 0.6760 0.5623 0.7395 0.5806 0.4544 0.5518 0.6455 0.6568 0.7002 0.6575 0.5409 0.7134 0.6475 0.5595 0.3625 0.7043 0.5871 0.4557 0.6332 0.3832 0.6818 0.7265 0.6279 0.6575 0.7580 
0.6528 0.6439 0.6702 0.5026 0.4930 0.6708 0.5623 0.6863 0.5646 0.4389 0.5532 0.6449 0.6440 0.6683 0.6516 0.5548 0.6906 0.6399 0.5535 0.3702 0.6805 0.5769 0.4565 0.6237 0.3808 0.6574 0.6935 0.6203 0.6439 0.6974 
avg train acc: 0.6086 avg test acc: 0.5963 min train acc: 0.3625(19) min test acc: 0.3702(19)
Attack result:(0.48333333333333334, 0.4864864864864865, 0.6) (180, 190, 110, 120)
iter 430:
0.6568 0.6878 0.6933 0.5162 0.5124 0.6634 0.5875 0.7626 0.5418 0.4695 0.5312 0.6711 0.6283 0.7104 0.6685 0.5677 0.7256 0.6388 0.6147 0.3675 0.6816 0.5525 0.4462 0.6266 0.3840 0.6938 0.7259 0.5952 0.6837 0.7416 
0.6446 0.6856 0.6665 0.5220 0.5147 0.6534 0.5916 0.6954 0.5230 0.4557 0.5259 0.6747 0.6232 0.6914 0.6547 0.5786 0.6958 0.6301 0.6094 0.3717 0.6709 0.5359 0.4511 0.6175 0.3819 0.6723 0.6846 0.5856 0.6729 0.6826 
avg train acc: 0.6115 avg test acc: 0.5988 min train acc: 0.3675(19) min test acc: 0.3717(19)
Attack result:(0.4866666666666667, 0.48947368421052634, 0.62) (186, 194, 106, 114)
iter 440:
0.6895 0.6747 0.7112 0.5247 0.5141 0.7030 0.5885 0.7724 0.5738 0.4874 0.5388 0.6536 0.6725 0.7172 0.6625 0.5733 0.7237 0.6781 0.5783 0.3918 0.7146 0.5842 0.4713 0.6643 0.4107 0.6767 0.7347 0.6323 0.6672 0.7633 
0.6761 0.6614 0.6914 0.5364 0.5182 0.6934 0.5902 0.6977 0.5546 0.4755 0.5412 0.6533 0.6698 0.6903 0.6542 0.5871 0.7004 0.6704 0.5737 0.4018 0.6949 0.5736 0.4793 0.6507 0.4122 0.6585 0.7010 0.6156 0.6576 0.6993 
avg train acc: 0.6249 avg test acc: 0.6127 min train acc: 0.3918(19) min test acc: 0.4018(19)
Attack result:(0.47, 0.47680412371134023, 0.6166666666666667) (185, 203, 97, 115)
iter 450:
0.6871 0.6776 0.7114 0.5329 0.5319 0.7073 0.6063 0.7675 0.5936 0.4835 0.5614 0.6835 0.6463 0.7291 0.6880 0.6015 0.7288 0.6559 0.5898 0.4220 0.7068 0.5833 0.4785 0.6425 0.4289 0.7033 0.7515 0.6046 0.7013 0.7646 
0.6744 0.6791 0.6972 0.5522 0.5356 0.6919 0.6102 0.7012 0.5698 0.4712 0.5566 0.6820 0.6427 0.7051 0.6745 0.6155 0.7096 0.6418 0.5905 0.4215 0.6926 0.5687 0.4833 0.6299 0.4300 0.6897 0.7094 0.5983 0.6864 0.7067 
avg train acc: 0.6324 avg test acc: 0.6206 min train acc: 0.4220(19) min test acc: 0.4215(19)
Attack result:(0.47833333333333333, 0.48320413436692505, 0.6233333333333333) (187, 200, 100, 113)
iter 460:
0.7077 0.6730 0.7180 0.5535 0.5436 0.7263 0.6081 0.7816 0.6214 0.5189 0.6162 0.6730 0.6880 0.7329 0.6848 0.5932 0.7411 0.6850 0.5979 0.4372 0.7137 0.6374 0.5240 0.6735 0.4571 0.6767 0.7439 0.6410 0.6778 0.7695 
0.6862 0.6633 0.7003 0.5642 0.5452 0.7060 0.6109 0.7078 0.5995 0.4997 0.6115 0.6718 0.6928 0.7007 0.6684 0.6101 0.7040 0.6761 0.5925 0.4407 0.6987 0.6214 0.5272 0.6721 0.4571 0.6613 0.7069 0.6354 0.6712 0.7076 
avg train acc: 0.6472 avg test acc: 0.6337 min train acc: 0.4372(19) min test acc: 0.4407(19)
Attack result:(0.48, 0.4853658536585366, 0.6633333333333333) (199, 211, 89, 101)
iter 470:
0.7008 0.7007 0.7298 0.5824 0.5647 0.7278 0.6480 0.7773 0.6042 0.5283 0.5965 0.6937 0.6966 0.7520 0.6909 0.6287 0.7409 0.6990 0.6394 0.4626 0.7189 0.6190 0.5267 0.6813 0.4707 0.7001 0.7642 0.6187 0.7065 0.7712 
0.6900 0.6943 0.7067 0.5899 0.5679 0.7125 0.6425 0.7128 0.5889 0.5175 0.5929 0.6836 0.6873 0.7152 0.6834 0.6410 0.7127 0.6889 0.6366 0.4651 0.7060 0.6066 0.5317 0.6706 0.4723 0.6870 0.7167 0.6143 0.6966 0.7130 
avg train acc: 0.6581 avg test acc: 0.6448 min train acc: 0.4626(19) min test acc: 0.4651(19)
Attack result:(0.475, 0.48175182481751827, 0.66) (198, 213, 87, 102)
iter 480:
0.7060 0.6917 0.7300 0.5717 0.5541 0.7346 0.6305 0.7795 0.6436 0.5237 0.6500 0.6802 0.7017 0.7517 0.6728 0.6141 0.7385 0.6945 0.6306 0.4924 0.7286 0.6544 0.5466 0.6878 0.4957 0.6758 0.7644 0.6566 0.6979 0.7733 
0.6956 0.6852 0.7064 0.5813 0.5540 0.7173 0.6361 0.7123 0.6276 0.5097 0.6396 0.6849 0.7001 0.7144 0.6626 0.6248 0.7127 0.6867 0.6248 0.4925 0.7111 0.6448 0.5486 0.6847 0.4980 0.6705 0.7170 0.6493 0.6881 0.7152 
avg train acc: 0.6624 avg test acc: 0.6499 min train acc: 0.4924(19) min test acc: 0.4925(19)
Attack result:(0.4666666666666667, 0.47596153846153844, 0.66) (198, 218, 82, 102)
iter 490:
0.6994 0.7301 0.7384 0.6254 0.6145 0.7411 0.6861 0.7926 0.6247 0.5762 0.6100 0.7191 0.7017 0.7585 0.7232 0.6769 0.7578 0.6809 0.6663 0.4827 0.7310 0.6358 0.5329 0.6824 0.4818 0.7163 0.7768 0.6273 0.7230 0.7865 
0.6889 0.7153 0.7157 0.6323 0.6156 0.7195 0.6846 0.7214 0.6140 0.5590 0.6050 0.7125 0.6944 0.7258 0.7118 0.6844 0.7268 0.6793 0.6585 0.4836 0.7135 0.6231 0.5419 0.6740 0.4870 0.6999 0.7257 0.6236 0.7161 0.7193 
avg train acc: 0.6767 avg test acc: 0.6624 min train acc: 0.4818(24) min test acc: 0.4836(19)
Attack result:(0.475, 0.4813895781637717, 0.6466666666666666) (194, 209, 91, 106)
iter 500:
0.7162 0.7177 0.7452 0.6485 0.6170 0.7525 0.6751 0.7870 0.6490 0.5897 0.6425 0.7181 0.7192 0.7563 0.7054 0.6617 0.7547 0.7279 0.6787 0.4964 0.7379 0.6628 0.5578 0.7114 0.5036 0.7142 0.7671 0.6401 0.7051 0.7860 
0.6988 0.7136 0.7214 0.6555 0.6224 0.7258 0.6764 0.7226 0.6260 0.5730 0.6365 0.7058 0.7104 0.7255 0.6956 0.6724 0.7249 0.7170 0.6773 0.5041 0.7163 0.6505 0.5604 0.7041 0.5086 0.7034 0.7210 0.6374 0.6997 0.7274 
avg train acc: 0.6848 avg test acc: 0.6711 min train acc: 0.4964(19) min test acc: 0.5041(19)
Attack result:(0.4766666666666667, 0.4830097087378641, 0.6633333333333333) (199, 213, 87, 101)
iter 525:
0.7224 0.7251 0.7443 0.6246 0.6133 0.7628 0.6844 0.8038 0.6626 0.5992 0.6561 0.7119 0.7301 0.7667 0.7233 0.6632 0.7673 0.7176 0.6659 0.5108 0.7436 0.6827 0.5659 0.7155 0.5102 0.7050 0.7744 0.6606 0.7228 0.7916 
0.7094 0.7082 0.7274 0.6336 0.6120 0.7304 0.6843 0.7300 0.6478 0.5803 0.6520 0.7075 0.7224 0.7304 0.7125 0.6757 0.7313 0.7113 0.6662 0.5098 0.7275 0.6674 0.5723 0.7086 0.5165 0.6950 0.7303 0.6526 0.7089 0.7322 
avg train acc: 0.6909 avg test acc: 0.6765 min train acc: 0.5102(24) min test acc: 0.5098(19)
Attack result:(0.47833333333333333, 0.48426150121065376, 0.6666666666666666) (200, 213, 87, 100)
iter 550:
0.7176 0.7345 0.7557 0.6293 0.5980 0.7763 0.6848 0.8021 0.6650 0.5794 0.6467 0.7290 0.7269 0.7826 0.7174 0.6810 0.7724 0.7055 0.6700 0.5108 0.7481 0.6666 0.5647 0.7076 0.5105 0.7295 0.7891 0.6465 0.7427 0.7958 
0.7071 0.7243 0.7299 0.6363 0.6071 0.7381 0.6853 0.7352 0.6455 0.5605 0.6431 0.7254 0.7152 0.7393 0.7102 0.6849 0.7392 0.6966 0.6671 0.5139 0.7297 0.6503 0.5720 0.6957 0.5170 0.7152 0.7403 0.6449 0.7265 0.7364 
avg train acc: 0.6929 avg test acc: 0.6777 min train acc: 0.5105(24) min test acc: 0.5139(19)
Attack result:(0.475, 0.4819277108433735, 0.6666666666666666) (200, 215, 85, 100)
iter 575:
0.7281 0.7454 0.7610 0.6201 0.6031 0.7734 0.7013 0.8026 0.6547 0.5728 0.6264 0.7186 0.7166 0.7748 0.7261 0.6746 0.7807 0.7263 0.6794 0.5032 0.7503 0.6572 0.5439 0.7046 0.5031 0.7343 0.7922 0.6332 0.7440 0.7922 
0.7125 0.7260 0.7354 0.6231 0.6014 0.7355 0.6976 0.7369 0.6354 0.5517 0.6251 0.7111 0.7065 0.7430 0.7098 0.6803 0.7387 0.7137 0.6767 0.5084 0.7300 0.6507 0.5543 0.6939 0.5086 0.7110 0.7387 0.6295 0.7307 0.7365 
avg train acc: 0.6915 avg test acc: 0.6751 min train acc: 0.5031(24) min test acc: 0.5084(19)
Attack result:(0.49, 0.4928909952606635, 0.6933333333333334) (208, 214, 86, 92)
iter 600:
0.7236 0.7402 0.7683 0.6159 0.5894 0.7838 0.6698 0.8155 0.6328 0.5596 0.6323 0.7181 0.7472 0.7999 0.7040 0.6686 0.7840 0.7376 0.6620 0.4678 0.7677 0.6683 0.5263 0.7290 0.4742 0.7128 0.7977 0.6446 0.7214 0.8081 
0.7076 0.7253 0.7404 0.6299 0.5917 0.7441 0.6729 0.7421 0.6208 0.5404 0.6284 0.7167 0.7275 0.7441 0.6922 0.6685 0.7420 0.7252 0.6643 0.4713 0.7404 0.6530 0.5371 0.7174 0.4734 0.7007 0.7418 0.6412 0.7132 0.7464 
avg train acc: 0.6890 avg test acc: 0.6720 min train acc: 0.4678(19) min test acc: 0.4713(19)
Attack result:(0.49666666666666665, 0.4975728155339806, 0.6833333333333333) (205, 207, 93, 95)
iter 625:
0.7281 0.7266 0.7735 0.5761 0.5602 0.7923 0.6730 0.8234 0.6460 0.5058 0.6491 0.7065 0.7529 0.7963 0.7121 0.6523 0.7897 0.7410 0.6218 0.4562 0.7697 0.6886 0.5260 0.7195 0.4695 0.7023 0.8035 0.6453 0.7300 0.8119 
0.7207 0.7136 0.7461 0.5785 0.5557 0.7496 0.6674 0.7465 0.6315 0.4903 0.6406 0.7015 0.7370 0.7453 0.6973 0.6584 0.7435 0.7257 0.6232 0.4605 0.7440 0.6672 0.5355 0.7095 0.4679 0.6931 0.7460 0.6427 0.7170 0.7497 
avg train acc: 0.6850 avg test acc: 0.6668 min train acc: 0.4562(19) min test acc: 0.4605(19)
Attack result:(0.47833333333333333, 0.4845605700712589, 0.68) (204, 217, 83, 96)
iter 650:
0.7229 0.7478 0.7835 0.6026 0.5746 0.8031 0.6773 0.8205 0.6194 0.5071 0.6252 0.7390 0.7506 0.8131 0.7045 0.6807 0.7954 0.7150 0.6252 0.4333 0.7774 0.6679 0.4955 0.7052 0.4423 0.7241 0.8130 0.6329 0.7444 0.8191 
0.7114 0.7350 0.7452 0.6117 0.5733 0.7519 0.6750 0.7512 0.6114 0.4903 0.6213 0.7336 0.7308 0.7522 0.6942 0.6772 0.7535 0.7031 0.6256 0.4363 0.7473 0.6531 0.5056 0.6882 0.4399 0.7154 0.7559 0.6341 0.7296 0.7531 
avg train acc: 0.6854 avg test acc: 0.6669 min train acc: 0.4333(19) min test acc: 0.4363(19)
Attack result:(0.5033333333333333, 0.5024271844660194, 0.69) (207, 205, 95, 93)
iter 675:
0.7188 0.7621 0.7850 0.6141 0.5986 0.7927 0.7021 0.8139 0.6224 0.5253 0.6124 0.7411 0.7230 0.8060 0.7308 0.6947 0.8074 0.7091 0.6751 0.4426 0.7531 0.6490 0.4853 0.6864 0.4471 0.7418 0.8148 0.6007 0.7614 0.8151 
0.7042 0.7423 0.7527 0.6222 0.5973 0.7464 0.7046 0.7442 0.6091 0.5096 0.6000 0.7361 0.7031 0.7531 0.7206 0.6936 0.7564 0.7005 0.6710 0.4444 0.7307 0.6326 0.4986 0.6715 0.4477 0.7244 0.7497 0.5991 0.7478 0.7514 
avg train acc: 0.6877 avg test acc: 0.6688 min train acc: 0.4426(19) min test acc: 0.4444(19)
Attack result:(0.5016666666666667, 0.5012224938875306, 0.6833333333333333) (205, 204, 96, 95)
iter 700:
0.7371 0.7444 0.7836 0.5963 0.5631 0.8065 0.6766 0.8410 0.6232 0.5130 0.6287 0.7163 0.7589 0.8187 0.6977 0.6609 0.7975 0.7482 0.6437 0.4501 0.7849 0.6699 0.5057 0.7407 0.4489 0.7263 0.8325 0.6272 0.7358 0.8269 
0.7220 0.7311 0.7480 0.6046 0.5670 0.7567 0.6717 0.7554 0.6096 0.4969 0.6227 0.7110 0.7399 0.7565 0.6892 0.6620 0.7542 0.7325 0.6485 0.4478 0.7560 0.6508 0.5139 0.7250 0.4523 0.7097 0.7596 0.6322 0.7220 0.7599 
avg train acc: 0.6901 avg test acc: 0.6703 min train acc: 0.4489(24) min test acc: 0.4478(19)
Attack result:(0.49833333333333335, 0.4988235294117647, 0.7066666666666667) (212, 213, 87, 88)
iter 725:
0.7335 0.7443 0.7940 0.5688 0.5519 0.8153 0.6818 0.8423 0.6162 0.4794 0.6275 0.7036 0.7533 0.8203 0.7114 0.6635 0.8195 0.7579 0.6300 0.4345 0.7799 0.6736 0.4971 0.7222 0.4444 0.7181 0.8375 0.6194 0.7570 0.8337 
0.7249 0.7307 0.7553 0.5756 0.5476 0.7604 0.6814 0.7580 0.6049 0.4714 0.6209 0.7013 0.7354 0.7619 0.6974 0.6631 0.7563 0.7371 0.6355 0.4349 0.7557 0.6573 0.5064 0.7090 0.4414 0.7089 0.7624 0.6250 0.7390 0.7598 
avg train acc: 0.6877 avg test acc: 0.6673 min train acc: 0.4345(19) min test acc: 0.4349(19)
Attack result:(0.49166666666666664, 0.4942263279445728, 0.7133333333333334) (214, 219, 81, 86)
iter 750:
0.7352 0.7477 0.7993 0.5835 0.5621 0.8288 0.6676 0.8406 0.6151 0.4849 0.6231 0.7442 0.7563 0.8324 0.7073 0.6704 0.8159 0.7359 0.6148 0.4056 0.7975 0.6761 0.4820 0.7125 0.4157 0.7176 0.8375 0.6353 0.7454 0.8422 
0.7270 0.7312 0.7579 0.5914 0.5619 0.7638 0.6702 0.7627 0.6092 0.4758 0.6183 0.7397 0.7434 0.7596 0.7002 0.6709 0.7673 0.7196 0.6213 0.4111 0.7599 0.6631 0.4856 0.6952 0.4147 0.7043 0.7669 0.6364 0.7347 0.7670 
avg train acc: 0.6877 avg test acc: 0.6677 min train acc: 0.4056(19) min test acc: 0.4111(19)
Attack result:(0.49666666666666665, 0.4976303317535545, 0.7) (210, 212, 88, 90)
iter 775:
0.7264 0.7713 0.8069 0.6134 0.5861 0.8224 0.7013 0.8382 0.6238 0.5201 0.6231 0.7496 0.7489 0.8348 0.7329 0.6942 0.8188 0.7262 0.6616 0.4126 0.7678 0.6596 0.4557 0.7022 0.4181 0.7403 0.8367 0.6111 0.7641 0.8427 
0.7110 0.7464 0.7667 0.6237 0.5885 0.7624 0.7042 0.7595 0.6086 0.5060 0.6112 0.7479 0.7265 0.7641 0.7193 0.6980 0.7672 0.7106 0.6606 0.4172 0.7448 0.6402 0.4703 0.6880 0.4193 0.7282 0.7623 0.6127 0.7496 0.7661 
avg train acc: 0.6937 avg test acc: 0.6727 min train acc: 0.4126(19) min test acc: 0.4172(19)
Attack result:(0.49, 0.49295774647887325, 0.7) (210, 216, 84, 90)
iter 800:
0.7496 0.7532 0.8012 0.5923 0.5556 0.8243 0.6869 0.8401 0.6014 0.4937 0.6044 0.7225 0.7605 0.8355 0.7041 0.6607 0.8163 0.7541 0.6462 0.4229 0.7895 0.6585 0.4865 0.7448 0.4311 0.7462 0.8497 0.6194 0.7543 0.8380 
0.7349 0.7358 0.7577 0.5999 0.5587 0.7665 0.6830 0.7621 0.5879 0.4883 0.6029 0.7150 0.7406 0.7634 0.7034 0.6659 0.7630 0.7370 0.6476 0.4274 0.7644 0.6386 0.4950 0.7233 0.4317 0.7327 0.7684 0.6223 0.7401 0.7639 
avg train acc: 0.6915 avg test acc: 0.6707 min train acc: 0.4229(19) min test acc: 0.4274(19)
Attack result:(0.5016666666666667, 0.5011494252873563, 0.7266666666666667) (218, 217, 83, 82)
***** Best Attack Result ********
{
    "iter": 50,
    "attack_metric": [
        0.53,
        0.5428571428571428,
        0.38
    ],
    "pred_distribution": [
        114,
        96,
        204,
        186
    ]
}
