************* DL Setting *************
   Seed = 3407
   Setting = s6
   Graph = smallworld30
   Number of Attacker = 1
   Sample per user/ Num of Cover = 4166
   Num of member/non-member = 500
   Normal User Batch size = 128
   Attacker Batch size = 256
   Attack = norm
   Defense = median
   data distribution = iid
   Init LR = 0.01
   LR Decay = [800]
   Max Iter = 800
   Normal Train Iter = 200
**************************************
iter 25:
0.2016 0.1667 0.1893 0.1972 0.1580 0.2052 0.1835 0.1609 0.1716 0.1876 0.1769 0.1859 0.1821 0.1660 0.1862 0.1969 0.1343 0.1695 0.1606 0.1690 0.1610 0.1611 0.1781 0.1765 0.1705 0.1685 0.1767 0.1847 0.1816 0.1995 
0.1896 0.1586 0.1727 0.1781 0.1493 0.1799 0.1763 0.1536 0.1563 0.1698 0.1621 0.1787 0.1806 0.1582 0.1718 0.1746 0.1275 0.1598 0.1516 0.1654 0.1620 0.1530 0.1713 0.1690 0.1596 0.1653 0.1649 0.1673 0.1744 0.1911 
avg train acc: 0.1769 avg test acc: 0.1664 min train acc: 0.1343(16) min test acc: 0.1275(16)
Attack result:(0.505, 0.5128205128205128, 0.2) (100, 95, 405, 400)
iter 50:
0.3876 0.3658 0.3755 0.3637 0.3691 0.3768 0.3869 0.3846 0.3794 0.3817 0.3755 0.3788 0.3768 0.3814 0.3863 0.3591 0.3706 0.3755 0.3611 0.3714 0.3616 0.3529 0.3831 0.3590 0.3717 0.3702 0.3950 0.3962 0.3890 0.3855 
0.3807 0.3608 0.3620 0.3658 0.3685 0.3692 0.3735 0.3625 0.3621 0.3667 0.3623 0.3701 0.3636 0.3643 0.3724 0.3696 0.3599 0.3606 0.3551 0.3596 0.3602 0.3482 0.3629 0.3640 0.3574 0.3768 0.3722 0.3730 0.3677 0.3782 
avg train acc: 0.3757 avg test acc: 0.3657 min train acc: 0.3529(21) min test acc: 0.3482(21)
Attack result:(0.492, 0.4896373056994819, 0.378) (189, 197, 303, 311)
iter 75:
0.4866 0.4877 0.4851 0.4827 0.4784 0.4776 0.4798 0.4893 0.4826 0.4846 0.4767 0.4760 0.4667 0.4748 0.4765 0.4563 0.4633 0.4731 0.4748 0.4868 0.4691 0.4793 0.4805 0.4660 0.4735 0.4735 0.4824 0.4806 0.4732 0.4834 
0.4819 0.4735 0.4687 0.4745 0.4717 0.4715 0.4659 0.4602 0.4649 0.4646 0.4615 0.4643 0.4630 0.4591 0.4629 0.4638 0.4542 0.4539 0.4629 0.4683 0.4631 0.4663 0.4700 0.4656 0.4663 0.4752 0.4655 0.4620 0.4693 0.4764 
avg train acc: 0.4774 avg test acc: 0.4664 min train acc: 0.4563(15) min test acc: 0.4539(17)
Attack result:(0.475, 0.47357293868921774, 0.448) (224, 249, 251, 276)
iter 100:
0.5240 0.5309 0.5448 0.5148 0.5255 0.5239 0.5240 0.5224 0.5302 0.5283 0.5298 0.5127 0.5129 0.5275 0.5190 0.5114 0.5164 0.5241 0.5144 0.5265 0.5136 0.5133 0.5249 0.5189 0.5076 0.5193 0.5151 0.5242 0.5148 0.5296 
0.5171 0.5155 0.5145 0.5194 0.5161 0.5132 0.5106 0.5069 0.5006 0.5084 0.5145 0.5050 0.5064 0.5045 0.5096 0.5090 0.5077 0.5102 0.5132 0.5161 0.5096 0.5077 0.5125 0.5079 0.5101 0.5162 0.5068 0.5071 0.5101 0.5134 
avg train acc: 0.5215 avg test acc: 0.5107 min train acc: 0.5076(24) min test acc: 0.5006(8)
Attack result:(0.47, 0.47023809523809523, 0.474) (237, 267, 233, 263)
iter 125:
0.5732 0.5577 0.5771 0.5594 0.5557 0.5754 0.5758 0.5686 0.5834 0.5735 0.5745 0.5748 0.5579 0.5729 0.5689 0.5699 0.5634 0.5693 0.5460 0.5690 0.5546 0.5573 0.5606 0.5623 0.5627 0.5624 0.5659 0.5710 0.5612 0.5726 
0.5601 0.5512 0.5517 0.5543 0.5501 0.5512 0.5537 0.5528 0.5526 0.5508 0.5569 0.5573 0.5557 0.5537 0.5558 0.5594 0.5492 0.5484 0.5462 0.5494 0.5527 0.5503 0.5462 0.5478 0.5519 0.5562 0.5561 0.5547 0.5589 0.5601 
avg train acc: 0.5666 avg test acc: 0.5532 min train acc: 0.5460(18) min test acc: 0.5462(18)
Attack result:(0.477, 0.47889908256880737, 0.522) (261, 284, 216, 239)
iter 150:
0.6116 0.5944 0.6058 0.5866 0.5928 0.6004 0.6204 0.6130 0.6102 0.6149 0.6104 0.6088 0.6080 0.6155 0.6159 0.5989 0.5893 0.6126 0.5961 0.5969 0.5953 0.6031 0.5963 0.5912 0.5972 0.5897 0.5920 0.6053 0.5848 0.6101 
0.5903 0.5843 0.5915 0.5895 0.5898 0.5914 0.5970 0.5912 0.5900 0.5901 0.5936 0.5920 0.5917 0.5917 0.5873 0.5877 0.5809 0.5856 0.5856 0.5867 0.5889 0.5855 0.5865 0.5839 0.5861 0.5899 0.5804 0.5850 0.5834 0.5900 
avg train acc: 0.6023 avg test acc: 0.5882 min train acc: 0.5848(28) min test acc: 0.5804(26)
Attack result:(0.488, 0.4897260273972603, 0.572) (286, 298, 202, 214)
iter 175:
0.6327 0.6326 0.6347 0.6226 0.6209 0.6347 0.6311 0.6162 0.6357 0.6276 0.6287 0.6303 0.6240 0.6251 0.6301 0.6059 0.6194 0.6335 0.6307 0.6244 0.6281 0.6268 0.6138 0.6293 0.6248 0.6183 0.6158 0.6266 0.6202 0.6391 
0.6222 0.6160 0.6152 0.6187 0.6141 0.6191 0.6134 0.6049 0.6113 0.6106 0.6086 0.6049 0.6048 0.6038 0.6073 0.6034 0.6013 0.6048 0.6030 0.6059 0.6040 0.6103 0.6082 0.6103 0.6083 0.6164 0.6048 0.5979 0.6088 0.6151 
avg train acc: 0.6261 avg test acc: 0.6092 min train acc: 0.6059(15) min test acc: 0.5979(27)
Attack result:(0.469, 0.4755134281200632, 0.602) (301, 332, 168, 199)
iter 200:
0.6454 0.6397 0.6635 0.6400 0.6412 0.6453 0.6371 0.6336 0.6384 0.6438 0.6441 0.6358 0.6363 0.6464 0.6545 0.6361 0.6395 0.6543 0.6560 0.6515 0.6508 0.6612 0.6408 0.6532 0.6548 0.6484 0.6563 0.6503 0.6360 0.6485 
0.6359 0.6298 0.6251 0.6276 0.6266 0.6245 0.6193 0.6228 0.6118 0.6180 0.6209 0.6216 0.6167 0.6250 0.6308 0.6286 0.6295 0.6303 0.6314 0.6344 0.6324 0.6293 0.6296 0.6375 0.6334 0.6371 0.6327 0.6310 0.6298 0.6294 
avg train acc: 0.6461 avg test acc: 0.6278 min train acc: 0.6336(7) min test acc: 0.6118(8)
Attack result:(0.471, 0.47737909516380655, 0.612) (306, 335, 165, 194)
iter 225:
0.6509 0.6584 0.6641 0.6596 0.6602 0.6698 0.6663 0.6661 0.6670 0.6727 0.6699 0.6694 0.6514 0.6610 0.6620 0.6573 0.6504 0.6671 0.6620 0.6611 0.6661 0.6649 0.6565 0.6637 0.6685 0.6712 0.6706 0.6628 0.6613 0.6709 
0.6454 0.6413 0.6468 0.6537 0.6480 0.6509 0.6469 0.6422 0.6432 0.6463 0.6451 0.6437 0.6378 0.6396 0.6413 0.6433 0.6420 0.6416 0.6446 0.6423 0.6485 0.6488 0.6444 0.6476 0.6487 0.6530 0.6512 0.6491 0.6490 0.6528 
avg train acc: 0.6634 avg test acc: 0.6460 min train acc: 0.6504(16) min test acc: 0.6378(12)
Attack result:(0.483, 0.4869431643625192, 0.634) (317, 334, 166, 183)
iter 250:
0.6762 0.6710 0.6881 0.6716 0.6746 0.6831 0.6817 0.6832 0.6873 0.6863 0.6887 0.6842 0.6866 0.6825 0.6928 0.6676 0.6691 0.6861 0.6823 0.6825 0.6824 0.6837 0.6755 0.6750 0.6835 0.6831 0.6740 0.6791 0.6647 0.6872 
0.6573 0.6578 0.6634 0.6664 0.6641 0.6639 0.6632 0.6553 0.6566 0.6557 0.6600 0.6555 0.6597 0.6596 0.6575 0.6572 0.6554 0.6593 0.6615 0.6647 0.6629 0.6641 0.6635 0.6571 0.6610 0.6627 0.6537 0.6547 0.6562 0.6604 
avg train acc: 0.6805 avg test acc: 0.6597 min train acc: 0.6647(28) min test acc: 0.6537(26)
Attack result:(0.477, 0.4826021180030257, 0.638) (319, 342, 158, 181)
iter 275:
0.6850 0.6867 0.6944 0.6876 0.6820 0.6875 0.6855 0.6908 0.6930 0.6951 0.6840 0.6866 0.6798 0.6840 0.6882 0.6771 0.6816 0.6821 0.6920 0.6839 0.6862 0.6873 0.6838 0.6988 0.7050 0.7001 0.6895 0.6869 0.6805 0.7003 
0.6753 0.6742 0.6735 0.6779 0.6748 0.6755 0.6719 0.6611 0.6598 0.6680 0.6630 0.6591 0.6616 0.6593 0.6634 0.6632 0.6648 0.6602 0.6651 0.6626 0.6639 0.6680 0.6713 0.6720 0.6780 0.6803 0.6744 0.6669 0.6752 0.6750 
avg train acc: 0.6882 avg test acc: 0.6686 min train acc: 0.6771(15) min test acc: 0.6591(11)
Attack result:(0.481, 0.4862119013062409, 0.67) (335, 354, 146, 165)
iter 300:
0.6907 0.6895 0.7088 0.6929 0.7038 0.6946 0.6941 0.6964 0.6965 0.7062 0.6983 0.6942 0.6950 0.6950 0.7119 0.6956 0.6937 0.7115 0.7085 0.7005 0.6971 0.7055 0.6935 0.7087 0.7109 0.7121 0.7022 0.6993 0.6919 0.7118 
0.6818 0.6796 0.6798 0.6818 0.6829 0.6792 0.6748 0.6767 0.6739 0.6753 0.6724 0.6763 0.6725 0.6728 0.6801 0.6836 0.6847 0.6857 0.6814 0.6804 0.6844 0.6827 0.6812 0.6851 0.6853 0.6887 0.6824 0.6830 0.6811 0.6824 
avg train acc: 0.7004 avg test acc: 0.6804 min train acc: 0.6895(1) min test acc: 0.6724(10)
Attack result:(0.462, 0.47214076246334313, 0.644) (322, 360, 140, 178)
iter 325:
0.7051 0.7108 0.7225 0.7031 0.7061 0.7168 0.7114 0.7115 0.7148 0.7175 0.7096 0.7126 0.6989 0.6997 0.7087 0.7030 0.7015 0.7038 0.7036 0.7016 0.6984 0.7142 0.7065 0.7107 0.7150 0.7108 0.7134 0.7013 0.7087 0.7161 
0.6919 0.6882 0.6957 0.6964 0.6926 0.6948 0.6915 0.6829 0.6854 0.6904 0.6852 0.6860 0.6812 0.6767 0.6792 0.6885 0.6855 0.6793 0.6845 0.6785 0.6805 0.6865 0.6822 0.6880 0.6892 0.6956 0.6955 0.6903 0.6966 0.6951 
avg train acc: 0.7086 avg test acc: 0.6878 min train acc: 0.6984(20) min test acc: 0.6767(13)
Attack result:(0.471, 0.4794326241134752, 0.676) (338, 367, 133, 162)
iter 350:
0.7148 0.7173 0.7216 0.7106 0.7152 0.7211 0.7152 0.7179 0.7233 0.7203 0.7270 0.7253 0.7265 0.7183 0.7321 0.7174 0.7129 0.7236 0.7311 0.7134 0.7218 0.7237 0.7230 0.7172 0.7355 0.7306 0.7172 0.7196 0.7075 0.7220 
0.6960 0.6977 0.7008 0.7003 0.7002 0.6988 0.6958 0.6896 0.6912 0.6913 0.6982 0.6928 0.6981 0.6968 0.6993 0.6986 0.6991 0.6936 0.6989 0.6954 0.6984 0.7023 0.7035 0.6976 0.7031 0.7052 0.6986 0.6957 0.6988 0.6991 
avg train acc: 0.7208 avg test acc: 0.6978 min train acc: 0.7075(28) min test acc: 0.6896(7)
Attack result:(0.477, 0.48354792560801146, 0.676) (338, 361, 139, 162)
iter 375:
0.7155 0.7266 0.7284 0.7245 0.7215 0.7293 0.7162 0.7249 0.7232 0.7330 0.7266 0.7221 0.7200 0.7189 0.7284 0.7071 0.7064 0.7052 0.7096 0.7024 0.7179 0.7173 0.7104 0.7117 0.7254 0.7249 0.7128 0.7111 0.7142 0.7289 
0.7008 0.7028 0.7074 0.7086 0.7032 0.7023 0.7049 0.6934 0.6924 0.7018 0.7003 0.6961 0.6954 0.6939 0.6936 0.6907 0.6915 0.6853 0.6841 0.6870 0.6908 0.6945 0.6887 0.6860 0.6970 0.6975 0.6926 0.6940 0.7021 0.7011 
avg train acc: 0.7188 avg test acc: 0.6960 min train acc: 0.7024(19) min test acc: 0.6841(18)
Attack result:(0.483, 0.4881450488145049, 0.7) (350, 367, 133, 150)
iter 400:
0.7188 0.7390 0.7421 0.7327 0.7418 0.7375 0.7294 0.7279 0.7369 0.7412 0.7407 0.7338 0.7282 0.7375 0.7449 0.7396 0.7277 0.7440 0.7384 0.7357 0.7262 0.7352 0.7252 0.7377 0.7506 0.7467 0.7299 0.7366 0.7351 0.7378 
0.7103 0.7114 0.7168 0.7167 0.7145 0.7143 0.7043 0.7076 0.7092 0.7082 0.7112 0.7103 0.7125 0.7158 0.7138 0.7174 0.7133 0.7168 0.7110 0.7152 0.7125 0.7091 0.7101 0.7157 0.7164 0.7173 0.7153 0.7139 0.7157 0.7182 
avg train acc: 0.7360 avg test acc: 0.7132 min train acc: 0.7188(0) min test acc: 0.7043(6)
Attack result:(0.47, 0.47875354107648727, 0.676) (338, 368, 132, 162)
iter 410:
0.7207 0.7365 0.7501 0.7393 0.7392 0.7508 0.7418 0.7370 0.7439 0.7479 0.7486 0.7407 0.7450 0.7447 0.7475 0.7319 0.7240 0.7394 0.7432 0.7431 0.7428 0.7396 0.7392 0.7432 0.7454 0.7464 0.7371 0.7332 0.7325 0.7462 
0.7136 0.7124 0.7201 0.7170 0.7187 0.7180 0.7161 0.7035 0.7118 0.7138 0.7170 0.7160 0.7183 0.7155 0.7142 0.7193 0.7129 0.7115 0.7122 0.7169 0.7157 0.7147 0.7146 0.7201 0.7175 0.7216 0.7154 0.7169 0.7153 0.7194 
avg train acc: 0.7407 avg test acc: 0.7157 min train acc: 0.7207(0) min test acc: 0.7035(7)
Attack result:(0.474, 0.48174157303370785, 0.686) (343, 369, 131, 157)
iter 420:
0.7161 0.7375 0.7436 0.7392 0.7369 0.7372 0.7370 0.7307 0.7470 0.7509 0.7456 0.7398 0.7427 0.7417 0.7427 0.7321 0.7266 0.7407 0.7453 0.7456 0.7460 0.7433 0.7458 0.7489 0.7557 0.7531 0.7401 0.7357 0.7362 0.7500 
0.7092 0.7116 0.7142 0.7152 0.7141 0.7120 0.7127 0.7087 0.7129 0.7127 0.7154 0.7075 0.7151 0.7154 0.7117 0.7120 0.7118 0.7171 0.7181 0.7204 0.7200 0.7187 0.7192 0.7194 0.7228 0.7275 0.7205 0.7186 0.7205 0.7227 
avg train acc: 0.7411 avg test acc: 0.7159 min train acc: 0.7161(0) min test acc: 0.7075(11)
Attack result:(0.486, 0.4903047091412742, 0.708) (354, 368, 132, 146)
iter 430:
0.7304 0.7452 0.7441 0.7387 0.7465 0.7479 0.7393 0.7392 0.7391 0.7468 0.7432 0.7355 0.7351 0.7389 0.7514 0.7325 0.7342 0.7488 0.7580 0.7521 0.7407 0.7461 0.7461 0.7467 0.7574 0.7572 0.7388 0.7462 0.7274 0.7397 
0.7140 0.7176 0.7182 0.7229 0.7198 0.7177 0.7192 0.7087 0.7085 0.7145 0.7164 0.7105 0.7133 0.7102 0.7181 0.7176 0.7151 0.7174 0.7240 0.7193 0.7213 0.7241 0.7244 0.7190 0.7200 0.7233 0.7177 0.7178 0.7157 0.7177 
avg train acc: 0.7431 avg test acc: 0.7175 min train acc: 0.7274(28) min test acc: 0.7085(8)
Attack result:(0.491, 0.49375866851595007, 0.712) (356, 365, 135, 144)
iter 440:
0.7333 0.7515 0.7526 0.7546 0.7433 0.7446 0.7510 0.7441 0.7574 0.7474 0.7538 0.7424 0.7363 0.7380 0.7422 0.7370 0.7352 0.7379 0.7523 0.7458 0.7438 0.7372 0.7478 0.7518 0.7588 0.7604 0.7340 0.7334 0.7387 0.7538 
0.7203 0.7234 0.7243 0.7295 0.7240 0.7266 0.7259 0.7156 0.7184 0.7202 0.7179 0.7115 0.7128 0.7088 0.7134 0.7143 0.7185 0.7159 0.7202 0.7173 0.7195 0.7212 0.7213 0.7216 0.7250 0.7263 0.7201 0.7143 0.7223 0.7229 
avg train acc: 0.7453 avg test acc: 0.7198 min train acc: 0.7333(0) min test acc: 0.7088(13)
Attack result:(0.493, 0.49525101763907736, 0.73) (365, 372, 128, 135)
iter 450:
0.7411 0.7498 0.7534 0.7441 0.7476 0.7614 0.7456 0.7482 0.7547 0.7526 0.7564 0.7483 0.7509 0.7547 0.7583 0.7544 0.7440 0.7465 0.7531 0.7425 0.7549 0.7540 0.7491 0.7511 0.7641 0.7604 0.7527 0.7551 0.7527 0.7603 
0.7238 0.7245 0.7265 0.7258 0.7236 0.7271 0.7228 0.7211 0.7213 0.7183 0.7238 0.7216 0.7243 0.7302 0.7290 0.7287 0.7256 0.7217 0.7210 0.7162 0.7206 0.7254 0.7243 0.7227 0.7315 0.7316 0.7303 0.7275 0.7319 0.7314 
avg train acc: 0.7521 avg test acc: 0.7251 min train acc: 0.7411(0) min test acc: 0.7162(19)
Attack result:(0.486, 0.49038461538461536, 0.714) (357, 371, 129, 143)
iter 460:
0.7435 0.7611 0.7589 0.7493 0.7485 0.7608 0.7424 0.7405 0.7486 0.7587 0.7628 0.7473 0.7508 0.7519 0.7642 0.7438 0.7506 0.7504 0.7557 0.7574 0.7598 0.7516 0.7495 0.7676 0.7686 0.7668 0.7458 0.7576 0.7509 0.7645 
0.7286 0.7272 0.7301 0.7314 0.7272 0.7278 0.7231 0.7138 0.7165 0.7220 0.7239 0.7206 0.7271 0.7256 0.7283 0.7292 0.7245 0.7232 0.7267 0.7323 0.7308 0.7302 0.7296 0.7339 0.7345 0.7343 0.7314 0.7337 0.7308 0.7364 
avg train acc: 0.7543 avg test acc: 0.7278 min train acc: 0.7405(7) min test acc: 0.7138(7)
Attack result:(0.492, 0.4945945945945946, 0.732) (366, 374, 126, 134)
iter 470:
0.7307 0.7519 0.7607 0.7547 0.7525 0.7599 0.7573 0.7546 0.7570 0.7597 0.7519 0.7516 0.7485 0.7479 0.7458 0.7347 0.7355 0.7463 0.7380 0.7483 0.7508 0.7355 0.7478 0.7569 0.7622 0.7559 0.7505 0.7545 0.7396 0.7538 
0.7208 0.7263 0.7290 0.7351 0.7296 0.7334 0.7279 0.7257 0.7222 0.7275 0.7197 0.7184 0.7180 0.7175 0.7182 0.7158 0.7211 0.7173 0.7147 0.7146 0.7282 0.7095 0.7225 0.7299 0.7243 0.7302 0.7243 0.7274 0.7212 0.7258 
avg train acc: 0.7498 avg test acc: 0.7232 min train acc: 0.7307(0) min test acc: 0.7095(21)
Attack result:(0.486, 0.49027777777777776, 0.706) (353, 367, 133, 147)
iter 480:
0.7413 0.7631 0.7551 0.7582 0.7634 0.7671 0.7636 0.7666 0.7666 0.7669 0.7707 0.7614 0.7512 0.7607 0.7578 0.7485 0.7362 0.7558 0.7545 0.7576 0.7553 0.7530 0.7534 0.7576 0.7613 0.7635 0.7451 0.7601 0.7430 0.7683 
0.7227 0.7309 0.7350 0.7379 0.7363 0.7363 0.7363 0.7316 0.7310 0.7330 0.7297 0.7288 0.7256 0.7261 0.7193 0.7257 0.7156 0.7263 0.7258 0.7296 0.7287 0.7233 0.7259 0.7270 0.7264 0.7288 0.7241 0.7278 0.7246 0.7313 
avg train acc: 0.7576 avg test acc: 0.7284 min train acc: 0.7362(16) min test acc: 0.7156(16)
Attack result:(0.487, 0.4909847434119279, 0.708) (354, 367, 133, 146)
iter 490:
0.7411 0.7622 0.7621 0.7548 0.7607 0.7690 0.7623 0.7568 0.7715 0.7662 0.7694 0.7558 0.7560 0.7549 0.7603 0.7566 0.7540 0.7486 0.7572 0.7520 0.7434 0.7551 0.7476 0.7524 0.7671 0.7677 0.7553 0.7561 0.7607 0.7673 
0.7303 0.7314 0.7382 0.7389 0.7355 0.7375 0.7340 0.7283 0.7322 0.7347 0.7335 0.7341 0.7320 0.7182 0.7270 0.7350 0.7323 0.7244 0.7301 0.7201 0.7248 0.7312 0.7245 0.7290 0.7269 0.7378 0.7368 0.7324 0.7389 0.7389 
avg train acc: 0.7581 avg test acc: 0.7316 min train acc: 0.7411(0) min test acc: 0.7182(13)
Attack result:(0.49, 0.4930939226519337, 0.714) (357, 367, 133, 143)
iter 500:
0.7335 0.7684 0.7658 0.7567 0.7640 0.7739 0.7594 0.7662 0.7687 0.7670 0.7669 0.7562 0.7489 0.7538 0.7695 0.7596 0.7393 0.7628 0.7577 0.7578 0.7538 0.7595 0.7505 0.7691 0.7776 0.7770 0.7559 0.7695 0.7594 0.7652 
0.7272 0.7347 0.7391 0.7400 0.7365 0.7416 0.7320 0.7347 0.7371 0.7355 0.7358 0.7325 0.7317 0.7356 0.7297 0.7317 0.7179 0.7325 0.7268 0.7367 0.7296 0.7305 0.7326 0.7410 0.7412 0.7409 0.7391 0.7392 0.7371 0.7406 
avg train acc: 0.7611 avg test acc: 0.7347 min train acc: 0.7335(0) min test acc: 0.7179(16)
Attack result:(0.485, 0.4897959183673469, 0.72) (360, 375, 125, 140)
iter 525:
0.7426 0.7648 0.7678 0.7677 0.7687 0.7714 0.7641 0.7642 0.7777 0.7735 0.7892 0.7606 0.7658 0.7707 0.7818 0.7593 0.7638 0.7674 0.7767 0.7774 0.7742 0.7724 0.7618 0.7736 0.7771 0.7731 0.7557 0.7643 0.7593 0.7671 
0.7346 0.7295 0.7399 0.7418 0.7387 0.7399 0.7427 0.7357 0.7378 0.7392 0.7409 0.7403 0.7407 0.7384 0.7404 0.7422 0.7373 0.7375 0.7442 0.7431 0.7429 0.7409 0.7399 0.7422 0.7382 0.7424 0.7356 0.7403 0.7355 0.7434 
avg train acc: 0.7685 avg test acc: 0.7395 min train acc: 0.7426(0) min test acc: 0.7295(1)
Attack result:(0.49, 0.49326145552560646, 0.732) (366, 376, 124, 134)
iter 550:
0.7520 0.7691 0.7713 0.7712 0.7699 0.7819 0.7688 0.7664 0.7770 0.7771 0.7848 0.7714 0.7738 0.7756 0.7778 0.7694 0.7626 0.7736 0.7710 0.7662 0.7730 0.7711 0.7684 0.7792 0.7806 0.7764 0.7693 0.7700 0.7676 0.7827 
0.7374 0.7395 0.7424 0.7461 0.7447 0.7478 0.7427 0.7398 0.7415 0.7417 0.7448 0.7422 0.7426 0.7450 0.7458 0.7454 0.7418 0.7431 0.7390 0.7403 0.7443 0.7441 0.7428 0.7475 0.7462 0.7463 0.7455 0.7464 0.7449 0.7482 
avg train acc: 0.7723 avg test acc: 0.7437 min train acc: 0.7520(0) min test acc: 0.7374(0)
Attack result:(0.488, 0.4920212765957447, 0.74) (370, 382, 118, 130)
iter 575:
0.7513 0.7738 0.7804 0.7686 0.7742 0.7880 0.7780 0.7679 0.7836 0.7880 0.7881 0.7796 0.7782 0.7790 0.7800 0.7795 0.7643 0.7709 0.7827 0.7732 0.7723 0.7700 0.7695 0.7789 0.7862 0.7923 0.7727 0.7722 0.7716 0.7859 
0.7425 0.7430 0.7522 0.7493 0.7508 0.7524 0.7508 0.7354 0.7445 0.7470 0.7476 0.7450 0.7504 0.7458 0.7458 0.7482 0.7470 0.7441 0.7425 0.7470 0.7460 0.7452 0.7437 0.7497 0.7488 0.7504 0.7459 0.7481 0.7476 0.7503 
avg train acc: 0.7767 avg test acc: 0.7469 min train acc: 0.7513(0) min test acc: 0.7354(7)
Attack result:(0.483, 0.4884979702300406, 0.722) (361, 378, 122, 139)
iter 600:
0.7598 0.7930 0.7751 0.7867 0.7814 0.7941 0.7811 0.7873 0.7921 0.7937 0.7952 0.7800 0.7778 0.7829 0.7826 0.7776 0.7595 0.7808 0.7823 0.7790 0.7801 0.7867 0.7826 0.7909 0.8016 0.7985 0.7789 0.7890 0.7785 0.7885 
0.7436 0.7545 0.7565 0.7586 0.7512 0.7621 0.7562 0.7552 0.7566 0.7572 0.7556 0.7490 0.7468 0.7524 0.7453 0.7448 0.7349 0.7457 0.7453 0.7528 0.7515 0.7528 0.7540 0.7598 0.7554 0.7600 0.7558 0.7581 0.7555 0.7587 
avg train acc: 0.7839 avg test acc: 0.7529 min train acc: 0.7595(16) min test acc: 0.7349(16)
Attack result:(0.499, 0.4993412384716733, 0.758) (379, 380, 120, 121)
iter 625:
0.7674 0.7886 0.7914 0.7862 0.7839 0.7908 0.7828 0.7757 0.7928 0.7976 0.8075 0.7842 0.7937 0.7909 0.8028 0.7833 0.7842 0.7914 0.7939 0.7931 0.7905 0.7907 0.7788 0.7947 0.8053 0.8069 0.7808 0.7935 0.7853 0.7987 
0.7555 0.7543 0.7598 0.7609 0.7561 0.7590 0.7544 0.7481 0.7497 0.7560 0.7588 0.7573 0.7635 0.7593 0.7598 0.7618 0.7566 0.7568 0.7595 0.7624 0.7615 0.7597 0.7590 0.7644 0.7654 0.7660 0.7616 0.7642 0.7591 0.7673 
avg train acc: 0.7903 avg test acc: 0.7593 min train acc: 0.7674(0) min test acc: 0.7481(7)
Attack result:(0.485, 0.4900924702774108, 0.742) (371, 386, 114, 129)
iter 650:
0.7624 0.7864 0.7819 0.7919 0.7923 0.7868 0.7896 0.7919 0.7984 0.8049 0.7999 0.7848 0.7965 0.7898 0.8020 0.7892 0.7819 0.7877 0.7895 0.7889 0.7957 0.7905 0.7917 0.7946 0.7975 0.7975 0.7833 0.7766 0.7805 0.7976 
0.7485 0.7508 0.7560 0.7636 0.7609 0.7608 0.7594 0.7562 0.7591 0.7589 0.7611 0.7513 0.7557 0.7534 0.7605 0.7537 0.7594 0.7584 0.7596 0.7597 0.7639 0.7593 0.7601 0.7629 0.7599 0.7626 0.7597 0.7540 0.7562 0.7583 
avg train acc: 0.7901 avg test acc: 0.7581 min train acc: 0.7624(0) min test acc: 0.7485(0)
Attack result:(0.481, 0.48738379814077026, 0.734) (367, 386, 114, 133)
iter 675:
0.7700 0.8060 0.8004 0.8000 0.8044 0.8090 0.8016 0.7965 0.8061 0.8044 0.8108 0.8024 0.8030 0.7981 0.8023 0.7970 0.7890 0.7929 0.7975 0.8027 0.7956 0.7892 0.8014 0.7981 0.8033 0.8124 0.7948 0.7874 0.7869 0.8073 
0.7625 0.7666 0.7706 0.7719 0.7735 0.7711 0.7673 0.7612 0.7647 0.7670 0.7672 0.7653 0.7659 0.7579 0.7599 0.7660 0.7632 0.7582 0.7606 0.7679 0.7676 0.7651 0.7693 0.7725 0.7667 0.7694 0.7675 0.7664 0.7646 0.7712 
avg train acc: 0.7990 avg test acc: 0.7663 min train acc: 0.7700(0) min test acc: 0.7579(13)
Attack result:(0.49, 0.49340369393139843, 0.748) (374, 384, 116, 126)
iter 700:
0.7657 0.8041 0.7941 0.8027 0.7994 0.8106 0.8124 0.8030 0.8160 0.8099 0.8112 0.8009 0.7958 0.8007 0.8102 0.8001 0.7967 0.8015 0.8017 0.8002 0.8018 0.8001 0.7989 0.8045 0.8171 0.8075 0.7935 0.8081 0.7901 0.8033 
0.7566 0.7660 0.7697 0.7743 0.7686 0.7738 0.7757 0.7703 0.7684 0.7699 0.7679 0.7619 0.7630 0.7686 0.7645 0.7690 0.7649 0.7612 0.7671 0.7663 0.7716 0.7646 0.7666 0.7718 0.7677 0.7729 0.7662 0.7736 0.7654 0.7710 
avg train acc: 0.8020 avg test acc: 0.7680 min train acc: 0.7657(0) min test acc: 0.7566(0)
Attack result:(0.49, 0.4934725848563969, 0.756) (378, 388, 112, 122)
iter 725:
0.7820 0.8021 0.8042 0.8018 0.8028 0.8036 0.7995 0.8010 0.8093 0.8120 0.8186 0.8045 0.8026 0.8045 0.8181 0.8051 0.7976 0.8092 0.8071 0.8093 0.8036 0.8006 0.8087 0.8136 0.8243 0.8259 0.8082 0.8075 0.8006 0.8194 
0.7670 0.7685 0.7738 0.7749 0.7712 0.7724 0.7660 0.7625 0.7629 0.7656 0.7702 0.7702 0.7723 0.7709 0.7713 0.7750 0.7685 0.7685 0.7683 0.7769 0.7755 0.7702 0.7795 0.7807 0.7805 0.7793 0.7785 0.7752 0.7743 0.7789 
avg train acc: 0.8069 avg test acc: 0.7723 min train acc: 0.7820(0) min test acc: 0.7625(7)
Attack result:(0.49, 0.4936061381074169, 0.772) (386, 396, 104, 114)
iter 750:
0.7756 0.8040 0.8026 0.8058 0.8188 0.7996 0.8051 0.8087 0.8126 0.8181 0.8160 0.8074 0.8129 0.8116 0.8112 0.7995 0.7918 0.8049 0.8057 0.8066 0.8053 0.8068 0.8090 0.8078 0.8183 0.8237 0.8090 0.8008 0.8013 0.8179 
0.7650 0.7714 0.7739 0.7746 0.7738 0.7689 0.7725 0.7695 0.7732 0.7712 0.7757 0.7665 0.7720 0.7695 0.7695 0.7680 0.7685 0.7724 0.7749 0.7750 0.7742 0.7716 0.7744 0.7752 0.7759 0.7811 0.7770 0.7723 0.7766 0.7794 
avg train acc: 0.8073 avg test acc: 0.7728 min train acc: 0.7756(0) min test acc: 0.7650(0)
Attack result:(0.493, 0.4955300127713921, 0.776) (388, 395, 105, 112)
iter 775:
0.7792 0.8124 0.8142 0.8135 0.8284 0.8193 0.8159 0.8139 0.8219 0.8245 0.8245 0.8163 0.8129 0.7987 0.8151 0.8050 0.8057 0.8091 0.8141 0.8136 0.8105 0.7947 0.8041 0.8067 0.8056 0.8279 0.8020 0.8032 0.8015 0.8192 
0.7715 0.7803 0.7828 0.7850 0.7836 0.7814 0.7821 0.7800 0.7805 0.7839 0.7793 0.7792 0.7790 0.7591 0.7721 0.7822 0.7784 0.7672 0.7730 0.7781 0.7798 0.7680 0.7751 0.7774 0.7652 0.7784 0.7729 0.7767 0.7764 0.7833 
avg train acc: 0.8111 avg test acc: 0.7771 min train acc: 0.7792(0) min test acc: 0.7591(13)
Attack result:(0.485, 0.49029754204398446, 0.758) (379, 394, 106, 121)
iter 800:
0.7827 0.8138 0.8158 0.8136 0.8249 0.8213 0.8226 0.8180 0.8225 0.8258 0.8195 0.8191 0.8068 0.8049 0.8111 0.8098 0.8116 0.8027 0.8035 0.8054 0.8141 0.7959 0.8161 0.8163 0.8269 0.8169 0.8130 0.8166 0.8015 0.8111 
0.7696 0.7812 0.7827 0.7862 0.7845 0.7880 0.7840 0.7794 0.7790 0.7811 0.7746 0.7734 0.7714 0.7691 0.7703 0.7725 0.7797 0.7718 0.7713 0.7683 0.7826 0.7649 0.7756 0.7846 0.7758 0.7826 0.7767 0.7807 0.7732 0.7781 
avg train acc: 0.8128 avg test acc: 0.7771 min train acc: 0.7827(0) min test acc: 0.7649(21)
Attack result:(0.497, 0.49805950840879687, 0.77) (385, 388, 112, 115)
***** Best Attack Result ********
{
    "iter": 25,
    "attack_metric": [
        0.505,
        0.5128205128205128,
        0.2
    ],
    "pred_distribution": [
        100,
        95,
        405,
        400
    ]
}
