************* DL Setting *************
   Seed = 3407
   Setting = s6
   Graph = regular30_15
   Number of Attacker = 1
   Sample per user/ Num of Cover = 4166
   Num of member/non-member = 300
   Normal User Batch size = 128
   Attacker Batch size = 256
   Attack = angle
   Defense = trim
   data distribution = non-iid
   Init LR = 0.01
   LR Decay = [800]
   Max Iter = 800
   Normal Train Iter = 200
**************************************
iter 25:
0.1320 0.2360 0.3791 0.2041 0.1803 0.2680 0.1661 0.1923 0.2895 0.2677 0.2367 0.1707 0.3616 0.2126 0.1929 0.1174 0.2871 0.2651 0.2143 0.4460 0.3240 0.2205 0.2259 0.3839 0.1888 0.3362 0.2863 0.2518 0.4399 0.2986 
0.1242 0.1309 0.0865 0.0947 0.0905 0.0886 0.1122 0.1082 0.1132 0.0901 0.1066 0.1017 0.0993 0.1156 0.1030 0.1145 0.1169 0.1149 0.1027 0.1175 0.1111 0.1292 0.1495 0.0840 0.1024 0.0963 0.1139 0.1141 0.0800 0.1088 
avg train acc: 0.2592 avg test acc: 0.1074 min train acc: 0.1174(15) min test acc: 0.0800(28)
Attack result:(0.49, 0.45, 0.09) (27, 33, 267, 273)
iter 50:
0.2700 0.3310 0.1259 0.3743 0.2162 0.3256 0.2502 0.3456 0.4237 0.2238 0.2891 0.0639 0.3425 0.5047 0.3489 0.2661 0.2604 0.1801 0.3583 0.2567 0.2621 0.3623 0.2502 0.4774 0.2680 0.3715 0.2469 0.2762 0.5173 0.3013 
0.2610 0.2615 0.1717 0.2137 0.2425 0.2456 0.2384 0.1930 0.2738 0.2005 0.2374 0.1285 0.2232 0.2716 0.2197 0.2572 0.2345 0.1780 0.2549 0.1857 0.1483 0.2286 0.2253 0.2504 0.2009 0.2332 0.1724 0.2436 0.2516 0.1749 
avg train acc: 0.3030 avg test acc: 0.2207 min train acc: 0.0639(11) min test acc: 0.1285(11)
Attack result:(0.505, 0.5107913669064749, 0.23666666666666666) (71, 68, 232, 229)
iter 75:
0.3396 0.3980 0.1934 0.2990 0.3207 0.4476 0.3249 0.4039 0.5604 0.3024 0.3390 0.0877 0.4160 0.4920 0.4542 0.3759 0.3929 0.2195 0.4341 0.4080 0.3470 0.4078 0.3934 0.4696 0.3554 0.3752 0.3084 0.3852 0.5251 0.2334 
0.3405 0.3231 0.2312 0.2542 0.3302 0.3587 0.3061 0.2344 0.3703 0.2747 0.3048 0.1755 0.3347 0.3440 0.2934 0.3508 0.3263 0.2285 0.3506 0.3042 0.2185 0.3176 0.2956 0.3521 0.2402 0.3079 0.2689 0.3311 0.3428 0.1847 
avg train acc: 0.3670 avg test acc: 0.2965 min train acc: 0.0877(11) min test acc: 0.1755(11)
Attack result:(0.48833333333333334, 0.48128342245989303, 0.3) (90, 97, 203, 210)
iter 100:
0.3959 0.4856 0.3452 0.4318 0.4227 0.4967 0.3413 0.4478 0.4665 0.4284 0.3693 0.1311 0.3934 0.5318 0.4715 0.4213 0.4356 0.2212 0.4194 0.4356 0.3712 0.4735 0.4212 0.4059 0.4133 0.4344 0.3850 0.4321 0.5205 0.2087 
0.3961 0.3832 0.2714 0.2924 0.3784 0.4114 0.3438 0.2446 0.4038 0.3482 0.3584 0.2308 0.3741 0.3843 0.3371 0.4149 0.3829 0.2714 0.3912 0.3319 0.2455 0.3762 0.3216 0.3954 0.2650 0.3616 0.3172 0.3729 0.3837 0.1999 
avg train acc: 0.4053 avg test acc: 0.3396 min train acc: 0.1311(11) min test acc: 0.1999(29)
Attack result:(0.52, 0.5267857142857143, 0.3933333333333333) (118, 106, 194, 182)
iter 125:
0.4193 0.5156 0.3866 0.4060 0.4313 0.4703 0.4424 0.3941 0.5006 0.3581 0.3791 0.1764 0.4651 0.5592 0.4471 0.4630 0.4566 0.2876 0.4514 0.5093 0.4267 0.4807 0.4326 0.4946 0.3371 0.4822 0.4406 0.3908 0.6120 0.1610 
0.4200 0.4296 0.3412 0.3210 0.4028 0.4332 0.4092 0.2485 0.4436 0.4018 0.3945 0.2664 0.4139 0.4333 0.3910 0.4481 0.4220 0.2877 0.4231 0.3568 0.2787 0.4233 0.3229 0.4314 0.2687 0.3937 0.3426 0.3774 0.4348 0.1833 
avg train acc: 0.4259 avg test acc: 0.3715 min train acc: 0.1610(29) min test acc: 0.1833(29)
Attack result:(0.5, 0.5, 0.37) (111, 111, 189, 189)
iter 150:
0.4664 0.5578 0.4175 0.4930 0.4582 0.5108 0.4772 0.4740 0.5076 0.4622 0.4094 0.2127 0.5025 0.5913 0.4758 0.4684 0.4080 0.3430 0.4871 0.4826 0.4060 0.5050 0.4429 0.5072 0.4148 0.5211 0.4662 0.4929 0.6326 0.2653 
0.4562 0.4667 0.3715 0.3925 0.4319 0.4469 0.4505 0.3427 0.4607 0.4438 0.4223 0.3337 0.4367 0.4680 0.4153 0.4682 0.4314 0.3747 0.4561 0.3883 0.3248 0.4442 0.4053 0.4728 0.3391 0.4385 0.3748 0.4223 0.4698 0.2706 
avg train acc: 0.4620 avg test acc: 0.4140 min train acc: 0.2127(11) min test acc: 0.2706(29)
Attack result:(0.5, 0.5, 0.42333333333333334) (127, 127, 173, 173)
iter 175:
0.5015 0.5770 0.3740 0.4561 0.4532 0.5378 0.4808 0.5066 0.5641 0.4967 0.4331 0.2052 0.5384 0.6150 0.4708 0.5148 0.4761 0.3395 0.4994 0.5015 0.4209 0.5398 0.4652 0.6182 0.4122 0.5308 0.4651 0.4805 0.6497 0.3347 
0.4798 0.4759 0.3950 0.4271 0.4637 0.4749 0.4711 0.3975 0.4817 0.4621 0.4502 0.3426 0.4720 0.4704 0.4466 0.5039 0.4526 0.4041 0.4755 0.4128 0.3578 0.4759 0.4301 0.4750 0.3640 0.4459 0.4016 0.4476 0.5038 0.3307 
avg train acc: 0.4820 avg test acc: 0.4397 min train acc: 0.2052(11) min test acc: 0.3307(29)
Attack result:(0.49166666666666664, 0.49070631970260226, 0.44) (132, 137, 163, 168)
iter 200:
0.5110 0.6090 0.3408 0.4488 0.4847 0.5387 0.5438 0.5325 0.5534 0.5061 0.4408 0.1962 0.5716 0.5885 0.5026 0.5167 0.5050 0.3197 0.5291 0.4482 0.3275 0.6035 0.4864 0.5933 0.4792 0.5311 0.3973 0.5065 0.6529 0.4017 
0.4864 0.5012 0.3876 0.4615 0.4803 0.4767 0.5009 0.4296 0.4933 0.4612 0.4651 0.3207 0.4673 0.4791 0.4728 0.4911 0.4637 0.3960 0.4812 0.3853 0.3445 0.4924 0.4528 0.4894 0.4029 0.4670 0.3900 0.4746 0.5170 0.3724 
avg train acc: 0.4889 avg test acc: 0.4501 min train acc: 0.1962(11) min test acc: 0.3207(11)
Attack result:(0.515, 0.5157894736842106, 0.49) (147, 138, 162, 153)
iter 225:
0.5447 0.5354 0.2868 0.4087 0.5466 0.5486 0.5672 0.5134 0.6099 0.5294 0.5132 0.2220 0.5397 0.6025 0.5836 0.5313 0.4934 0.3398 0.5939 0.3685 0.3018 0.5995 0.4278 0.5270 0.4663 0.5183 0.3898 0.5524 0.6107 0.3547 
0.5213 0.5181 0.3922 0.4464 0.4946 0.4837 0.5306 0.3999 0.5090 0.4923 0.4581 0.3022 0.4540 0.4843 0.4528 0.4918 0.4644 0.3666 0.4850 0.3732 0.3463 0.5162 0.4191 0.4662 0.3997 0.4528 0.3979 0.5160 0.5397 0.3288 
avg train acc: 0.4876 avg test acc: 0.4501 min train acc: 0.2220(11) min test acc: 0.3022(11)
Attack result:(0.5266666666666666, 0.5264900662251656, 0.53) (159, 143, 157, 141)
iter 250:
0.5600 0.5640 0.3566 0.4599 0.5130 0.5433 0.5437 0.5364 0.6271 0.5657 0.5291 0.3108 0.5407 0.6492 0.6148 0.5577 0.5360 0.3981 0.5804 0.4581 0.3733 0.6404 0.4803 0.5803 0.5096 0.4723 0.4623 0.5391 0.6457 0.3953 
0.5361 0.5311 0.4373 0.4722 0.5139 0.4926 0.5099 0.4278 0.5220 0.5343 0.4976 0.3598 0.4971 0.4982 0.4758 0.5368 0.4700 0.3896 0.5245 0.4190 0.3807 0.5246 0.4463 0.4714 0.4334 0.4304 0.4282 0.5487 0.5473 0.3505 
avg train acc: 0.5181 avg test acc: 0.4736 min train acc: 0.3108(11) min test acc: 0.3505(29)
Attack result:(0.5216666666666666, 0.5206349206349207, 0.5466666666666666) (164, 151, 149, 136)
iter 275:
0.5844 0.5973 0.4465 0.4961 0.5640 0.5397 0.5617 0.5610 0.6852 0.6136 0.5749 0.4049 0.5518 0.6873 0.5508 0.5585 0.5091 0.4515 0.6212 0.4914 0.4364 0.6479 0.5485 0.5588 0.5202 0.4966 0.4732 0.5860 0.6902 0.4333 
0.5629 0.5323 0.4756 0.5200 0.5401 0.4942 0.5291 0.4722 0.5535 0.5489 0.5065 0.4152 0.5097 0.5420 0.4851 0.5607 0.4503 0.4150 0.5586 0.4654 0.4300 0.5384 0.4949 0.4672 0.4837 0.4628 0.4683 0.5661 0.5657 0.3832 
avg train acc: 0.5481 avg test acc: 0.4999 min train acc: 0.4049(11) min test acc: 0.3832(29)
Attack result:(0.5333333333333333, 0.5299401197604791, 0.59) (177, 157, 143, 123)
iter 300:
0.5990 0.6034 0.4850 0.4744 0.5819 0.5718 0.6026 0.5640 0.6445 0.6047 0.5905 0.3870 0.6072 0.6622 0.6215 0.6082 0.5296 0.4747 0.6102 0.4690 0.4292 0.6633 0.5970 0.6350 0.5162 0.4717 0.5058 0.5368 0.7083 0.4365 
0.5733 0.5255 0.4962 0.5374 0.5580 0.5023 0.5498 0.4867 0.5800 0.5607 0.5292 0.4350 0.5322 0.5698 0.5035 0.5833 0.4519 0.4627 0.5616 0.4931 0.4624 0.5647 0.5268 0.5032 0.4863 0.4763 0.4836 0.5549 0.5855 0.3881 
avg train acc: 0.5597 avg test acc: 0.5175 min train acc: 0.3870(11) min test acc: 0.3881(29)
Attack result:(0.5, 0.5, 0.5666666666666667) (170, 170, 130, 130)
iter 325:
0.5955 0.6073 0.5893 0.4870 0.5552 0.5476 0.6230 0.5191 0.6796 0.6361 0.5926 0.3729 0.6303 0.6730 0.5513 0.6280 0.5013 0.4956 0.6505 0.5674 0.4664 0.6727 0.5599 0.6661 0.5017 0.5151 0.5144 0.4942 0.7056 0.4065 
0.5706 0.5276 0.5165 0.5229 0.5757 0.4957 0.5767 0.4629 0.5899 0.5695 0.5477 0.4319 0.5733 0.5928 0.5079 0.6004 0.4679 0.4934 0.5829 0.5331 0.4887 0.5730 0.5262 0.5349 0.4606 0.4871 0.4909 0.5203 0.5859 0.3430 
avg train acc: 0.5668 avg test acc: 0.5250 min train acc: 0.3729(11) min test acc: 0.3430(29)
Attack result:(0.5166666666666667, 0.5148809523809523, 0.5766666666666667) (173, 163, 137, 127)
iter 350:
0.6061 0.6789 0.5337 0.5248 0.4992 0.5859 0.6755 0.5495 0.6397 0.6599 0.6144 0.4411 0.6779 0.6953 0.4329 0.6117 0.5691 0.5451 0.6740 0.5942 0.4364 0.6419 0.5896 0.6887 0.4843 0.6018 0.5191 0.4422 0.7246 0.4203 
0.5827 0.5732 0.4975 0.5228 0.5469 0.5252 0.5810 0.4337 0.5946 0.5614 0.5331 0.4410 0.5700 0.5959 0.4984 0.5884 0.5013 0.5074 0.5846 0.5142 0.4590 0.5930 0.5247 0.5632 0.4520 0.5354 0.4772 0.5113 0.5971 0.3566 
avg train acc: 0.5786 avg test acc: 0.5274 min train acc: 0.4203(29) min test acc: 0.3566(29)
Attack result:(0.5083333333333333, 0.5072046109510087, 0.5866666666666667) (176, 171, 129, 124)
iter 375:
0.6251 0.6922 0.5781 0.5697 0.4762 0.6307 0.6198 0.5562 0.7064 0.6021 0.6197 0.4568 0.7040 0.6752 0.4921 0.6368 0.7011 0.5868 0.6612 0.5922 0.5222 0.6204 0.6194 0.6941 0.5259 0.6381 0.5953 0.5828 0.6984 0.4608 
0.5955 0.5911 0.5444 0.5297 0.5615 0.5772 0.5955 0.4615 0.6006 0.5861 0.5664 0.4576 0.5833 0.5848 0.5427 0.6124 0.5755 0.5167 0.5912 0.5371 0.5043 0.5814 0.5414 0.5769 0.4987 0.5793 0.5196 0.5583 0.5957 0.4076 
avg train acc: 0.6047 avg test acc: 0.5525 min train acc: 0.4568(11) min test acc: 0.4076(29)
Attack result:(0.485, 0.48746518105849584, 0.5833333333333334) (175, 184, 116, 125)
iter 400:
0.6291 0.7004 0.5495 0.5601 0.5662 0.6121 0.6294 0.5801 0.7145 0.6446 0.6396 0.4885 0.6978 0.6789 0.5395 0.6380 0.6876 0.5730 0.7007 0.6406 0.5140 0.6379 0.5974 0.6724 0.5116 0.6294 0.6016 0.5684 0.6971 0.5079 
0.5999 0.5951 0.5491 0.5262 0.5805 0.5638 0.6044 0.4938 0.6190 0.5974 0.5933 0.4826 0.5986 0.6029 0.5771 0.6046 0.5808 0.5317 0.6048 0.5560 0.5142 0.6071 0.5607 0.5765 0.5317 0.5950 0.5353 0.5694 0.6021 0.4627 
avg train acc: 0.6136 avg test acc: 0.5672 min train acc: 0.4885(11) min test acc: 0.4627(29)
Attack result:(0.4866666666666667, 0.4887005649717514, 0.5766666666666667) (173, 181, 119, 127)
iter 410:
0.6226 0.6793 0.5322 0.6025 0.5660 0.6626 0.6815 0.6271 0.7233 0.5706 0.6441 0.4634 0.7205 0.6473 0.5466 0.6446 0.6525 0.5771 0.7058 0.6987 0.5310 0.6379 0.6173 0.6052 0.5668 0.6644 0.6243 0.6430 0.6944 0.5503 
0.6028 0.6015 0.5625 0.5317 0.5808 0.5815 0.6178 0.5035 0.6256 0.5959 0.5922 0.4860 0.6141 0.6168 0.5926 0.6102 0.5791 0.5390 0.6098 0.5599 0.5329 0.6052 0.5606 0.5779 0.5504 0.6091 0.5342 0.5759 0.6058 0.4767 
avg train acc: 0.6234 avg test acc: 0.5744 min train acc: 0.4634(11) min test acc: 0.4767(29)
Attack result:(0.48833333333333334, 0.4903581267217631, 0.5933333333333334) (178, 185, 115, 122)
iter 420:
0.6350 0.6784 0.6220 0.5852 0.5515 0.6203 0.6398 0.6517 0.6885 0.5828 0.6250 0.4688 0.7237 0.6901 0.5242 0.6610 0.6299 0.5740 0.6934 0.7053 0.5588 0.6111 0.6167 0.6444 0.5896 0.6334 0.6584 0.6412 0.7101 0.5386 
0.6084 0.6013 0.5608 0.5327 0.5699 0.5762 0.5909 0.5279 0.6202 0.5924 0.5866 0.4760 0.6112 0.6018 0.5865 0.6162 0.5896 0.5466 0.6185 0.5864 0.5403 0.5887 0.5756 0.5817 0.5536 0.5999 0.5433 0.5796 0.6040 0.4736 
avg train acc: 0.6251 avg test acc: 0.5747 min train acc: 0.4688(11) min test acc: 0.4736(29)
Attack result:(0.49666666666666665, 0.49719101123595505, 0.59) (177, 179, 121, 123)
iter 430:
0.6229 0.7139 0.5625 0.5664 0.5615 0.5859 0.6568 0.6508 0.6654 0.5864 0.6357 0.4903 0.7192 0.6592 0.5707 0.6541 0.6883 0.5906 0.7066 0.6953 0.5884 0.6130 0.5907 0.6424 0.5968 0.6335 0.6741 0.6031 0.7233 0.5202 
0.6032 0.6069 0.5592 0.5296 0.5801 0.5808 0.6035 0.5278 0.6351 0.5984 0.6052 0.5049 0.6236 0.6085 0.5997 0.6187 0.5842 0.5567 0.6169 0.5937 0.5357 0.6088 0.5772 0.5858 0.5616 0.5916 0.5507 0.5786 0.6082 0.4803 
avg train acc: 0.6256 avg test acc: 0.5805 min train acc: 0.4903(11) min test acc: 0.4803(29)
Attack result:(0.48, 0.48255813953488375, 0.5533333333333333) (166, 178, 122, 134)
iter 440:
0.6374 0.7279 0.5045 0.5966 0.6152 0.5693 0.6630 0.6631 0.7119 0.5901 0.5915 0.4759 0.7131 0.7262 0.5781 0.6710 0.6567 0.5922 0.7185 0.6917 0.5833 0.6581 0.6004 0.6272 0.5813 0.6244 0.6235 0.6180 0.7151 0.4852 
0.6126 0.6000 0.5367 0.5368 0.5955 0.5724 0.6113 0.5356 0.6360 0.5896 0.6058 0.5078 0.6100 0.6255 0.6035 0.6173 0.5682 0.5602 0.6232 0.5805 0.5350 0.6113 0.5814 0.5779 0.5617 0.6035 0.5456 0.5834 0.6183 0.5003 
avg train acc: 0.6270 avg test acc: 0.5816 min train acc: 0.4759(11) min test acc: 0.5003(29)
Attack result:(0.465, 0.4713896457765668, 0.5766666666666667) (173, 194, 106, 127)
iter 450:
0.6242 0.6893 0.5775 0.5460 0.5740 0.6165 0.6516 0.6329 0.7013 0.5561 0.6423 0.4155 0.7367 0.7264 0.5899 0.6712 0.7016 0.5803 0.6898 0.7209 0.6156 0.6751 0.6328 0.6303 0.5961 0.6379 0.6803 0.6445 0.6756 0.4950 
0.5996 0.6235 0.5634 0.5220 0.5838 0.5811 0.6148 0.5301 0.6345 0.6056 0.6020 0.4728 0.6371 0.6063 0.6263 0.6215 0.5814 0.5513 0.6261 0.6086 0.5480 0.5889 0.5875 0.5803 0.5591 0.5996 0.5666 0.5822 0.6067 0.4910 
avg train acc: 0.6309 avg test acc: 0.5834 min train acc: 0.4155(11) min test acc: 0.4728(11)
Attack result:(0.495, 0.4956772334293948, 0.5733333333333334) (172, 175, 125, 128)
iter 460:
0.6190 0.6954 0.5817 0.5820 0.5766 0.5916 0.6406 0.6440 0.7144 0.5436 0.6180 0.4661 0.7379 0.7174 0.5978 0.6973 0.6668 0.5934 0.6759 0.6972 0.5954 0.6945 0.6699 0.6242 0.5975 0.6066 0.6576 0.6627 0.7137 0.4977 
0.6018 0.6226 0.5694 0.5197 0.5725 0.5917 0.6135 0.5337 0.6402 0.6079 0.6091 0.4935 0.6356 0.6092 0.6100 0.6308 0.5862 0.5740 0.6332 0.6138 0.5534 0.6034 0.5885 0.5962 0.5562 0.5890 0.5735 0.5898 0.6147 0.4766 
avg train acc: 0.6326 avg test acc: 0.5870 min train acc: 0.4661(11) min test acc: 0.4766(29)
Attack result:(0.47333333333333333, 0.47701149425287354, 0.5533333333333333) (166, 182, 118, 134)
iter 470:
0.6390 0.7252 0.5139 0.6044 0.5707 0.5486 0.6823 0.6789 0.6718 0.6277 0.5891 0.5193 0.7451 0.6990 0.5336 0.6676 0.6805 0.5865 0.6577 0.7219 0.5505 0.6680 0.6484 0.6315 0.6104 0.6820 0.6216 0.6839 0.7180 0.4654 
0.6083 0.6139 0.5489 0.5317 0.5857 0.5803 0.6210 0.5592 0.6341 0.6026 0.6069 0.5096 0.6244 0.6146 0.6164 0.6349 0.5631 0.5903 0.6224 0.5992 0.5395 0.6154 0.5923 0.5736 0.5675 0.6077 0.5567 0.6015 0.6226 0.5008 
avg train acc: 0.6314 avg test acc: 0.5882 min train acc: 0.4654(29) min test acc: 0.5008(29)
Attack result:(0.475, 0.4792243767313019, 0.5766666666666667) (173, 188, 112, 127)
iter 480:
0.6285 0.7498 0.5134 0.5699 0.6312 0.5458 0.6347 0.6745 0.7002 0.5841 0.6026 0.4634 0.7344 0.6842 0.4894 0.6522 0.6970 0.5686 0.6704 0.7162 0.5612 0.6609 0.6794 0.6498 0.6281 0.6814 0.6534 0.6871 0.7320 0.4662 
0.6028 0.6280 0.5421 0.5448 0.5748 0.5731 0.6131 0.5600 0.6401 0.5841 0.5936 0.5134 0.6283 0.6303 0.6051 0.6203 0.5652 0.5796 0.6107 0.5888 0.5289 0.5910 0.6048 0.5846 0.5494 0.6078 0.5507 0.5948 0.6269 0.5113 
avg train acc: 0.6303 avg test acc: 0.5850 min train acc: 0.4634(11) min test acc: 0.5113(29)
Attack result:(0.495, 0.49577464788732395, 0.5866666666666667) (176, 179, 121, 124)
iter 490:
0.6516 0.7324 0.6196 0.5457 0.5647 0.6105 0.6293 0.6588 0.7225 0.6083 0.5937 0.4340 0.6931 0.7141 0.5339 0.6607 0.6900 0.5736 0.6923 0.7532 0.5991 0.6319 0.6445 0.6475 0.6064 0.6638 0.6829 0.6791 0.7437 0.4418 
0.6201 0.6321 0.5647 0.5178 0.5823 0.6031 0.5956 0.5451 0.6414 0.6010 0.6015 0.5027 0.6318 0.6223 0.6278 0.6352 0.5830 0.5869 0.6312 0.6044 0.5242 0.5967 0.5973 0.5995 0.5259 0.5888 0.5729 0.6083 0.6279 0.4806 
avg train acc: 0.6341 avg test acc: 0.5884 min train acc: 0.4340(11) min test acc: 0.4806(29)
Attack result:(0.5, 0.5, 0.63) (189, 189, 111, 111)
iter 500:
0.6440 0.7376 0.6415 0.5923 0.5885 0.5861 0.6343 0.6539 0.7279 0.5472 0.5750 0.4326 0.7233 0.7212 0.5457 0.6471 0.7093 0.4934 0.6744 0.7428 0.5800 0.6382 0.6263 0.6555 0.5800 0.6946 0.6416 0.6962 0.7207 0.3942 
0.6183 0.6270 0.5490 0.5129 0.5861 0.5925 0.6100 0.5249 0.6428 0.5892 0.6029 0.5061 0.6390 0.6237 0.6102 0.6301 0.5897 0.5726 0.6374 0.6107 0.5183 0.5938 0.5712 0.5974 0.5328 0.5954 0.5565 0.5905 0.6177 0.4710 
avg train acc: 0.6282 avg test acc: 0.5840 min train acc: 0.3942(29) min test acc: 0.4710(29)
Attack result:(0.485, 0.48732394366197185, 0.5766666666666667) (173, 182, 118, 127)
iter 525:
0.6389 0.7253 0.5737 0.4856 0.6533 0.6599 0.6555 0.5858 0.7218 0.5848 0.5078 0.3620 0.6688 0.7390 0.5458 0.6602 0.7315 0.4079 0.6824 0.6670 0.5449 0.6406 0.5739 0.6681 0.5284 0.6905 0.5536 0.6137 0.7434 0.2937 
0.6155 0.6132 0.4680 0.4894 0.5999 0.6149 0.5981 0.4556 0.6511 0.5641 0.5480 0.4585 0.6205 0.6440 0.5844 0.6252 0.5985 0.4963 0.6248 0.5704 0.4331 0.6043 0.5419 0.5860 0.4633 0.5910 0.4995 0.6057 0.6277 0.3667 
avg train acc: 0.6036 avg test acc: 0.5587 min train acc: 0.2937(29) min test acc: 0.3667(29)
Attack result:(0.485, 0.488, 0.61) (183, 192, 108, 117)
iter 550:
0.6289 0.7254 0.6368 0.5451 0.6820 0.7042 0.6966 0.6053 0.7486 0.6350 0.5747 0.3321 0.7040 0.7481 0.6128 0.6927 0.7058 0.4100 0.6782 0.6551 0.5347 0.7184 0.5772 0.7307 0.5097 0.7105 0.5769 0.6410 0.7342 0.3415 
0.6073 0.6228 0.4946 0.5072 0.6327 0.6348 0.6242 0.4614 0.6587 0.6093 0.5769 0.4411 0.6243 0.6476 0.5875 0.6390 0.6261 0.4856 0.6441 0.5720 0.4595 0.6392 0.5469 0.6362 0.4677 0.5924 0.5209 0.5895 0.6401 0.3722 
avg train acc: 0.6265 avg test acc: 0.5721 min train acc: 0.3321(11) min test acc: 0.3722(29)
Attack result:(0.5016666666666667, 0.5013477088948787, 0.62) (186, 185, 115, 114)
iter 575:
0.6684 0.7186 0.6186 0.6444 0.6798 0.6772 0.6938 0.6448 0.7597 0.6655 0.5243 0.4158 0.6840 0.7621 0.6582 0.6864 0.6890 0.5473 0.6674 0.6435 0.5408 0.7135 0.6182 0.7549 0.5635 0.7202 0.5763 0.6549 0.7615 0.3974 
0.6349 0.6543 0.5046 0.5733 0.6556 0.6387 0.6283 0.5251 0.6464 0.6109 0.5677 0.4742 0.6207 0.6519 0.5893 0.6543 0.6254 0.5465 0.6307 0.5675 0.4928 0.6446 0.6012 0.6371 0.5145 0.6099 0.5237 0.6313 0.6586 0.4378 
avg train acc: 0.6450 avg test acc: 0.5917 min train acc: 0.3974(29) min test acc: 0.4378(29)
Attack result:(0.4816666666666667, 0.48548812664907653, 0.6133333333333333) (184, 195, 105, 116)
iter 600:
0.6630 0.7342 0.5879 0.6464 0.7194 0.6409 0.6983 0.6439 0.7423 0.6541 0.5734 0.4344 0.6592 0.7396 0.6582 0.6913 0.6403 0.5672 0.6719 0.6092 0.5096 0.7556 0.6697 0.7421 0.5879 0.6817 0.5539 0.6533 0.7650 0.4463 
0.6396 0.6545 0.4885 0.5909 0.6457 0.6157 0.6411 0.5578 0.6401 0.6261 0.5801 0.4825 0.6204 0.6612 0.5927 0.6589 0.6049 0.5728 0.6403 0.5676 0.5011 0.6476 0.6134 0.6496 0.5197 0.6076 0.5217 0.6362 0.6649 0.4567 
avg train acc: 0.6447 avg test acc: 0.5967 min train acc: 0.4344(11) min test acc: 0.4567(29)
Attack result:(0.455, 0.46301369863013697, 0.5633333333333334) (169, 196, 104, 131)
iter 625:
0.6481 0.7376 0.6498 0.6351 0.7256 0.7058 0.6903 0.6184 0.7859 0.6862 0.5654 0.3684 0.6495 0.7329 0.7021 0.7054 0.6297 0.5241 0.6845 0.6222 0.4706 0.7503 0.6644 0.7530 0.5084 0.7109 0.5541 0.6740 0.7388 0.4976 
0.6225 0.6500 0.5175 0.5973 0.6514 0.6220 0.6542 0.5460 0.6461 0.6379 0.5952 0.4569 0.6274 0.6526 0.5978 0.6671 0.6231 0.5294 0.6398 0.5769 0.5413 0.6627 0.6085 0.6665 0.5138 0.6001 0.5466 0.6223 0.6721 0.4460 
avg train acc: 0.6463 avg test acc: 0.5997 min train acc: 0.3684(11) min test acc: 0.4460(29)
Attack result:(0.49333333333333335, 0.4945945945945946, 0.61) (183, 187, 113, 117)
iter 650:
0.6484 0.7569 0.6382 0.6235 0.7260 0.7103 0.6993 0.6512 0.7380 0.7009 0.5350 0.3208 0.6659 0.7716 0.7514 0.6990 0.6270 0.5280 0.6864 0.6524 0.4626 0.7421 0.6670 0.7614 0.5237 0.6974 0.5366 0.6619 0.7586 0.5284 
0.6279 0.6500 0.5257 0.5935 0.6580 0.6316 0.6564 0.5603 0.6531 0.6505 0.6196 0.4592 0.6442 0.6581 0.6104 0.6672 0.6335 0.5074 0.6487 0.5889 0.5357 0.6579 0.5958 0.6730 0.4927 0.6154 0.5546 0.6146 0.6712 0.4563 
avg train acc: 0.6490 avg test acc: 0.6037 min train acc: 0.3208(11) min test acc: 0.4563(29)
Attack result:(0.465, 0.47107438016528924, 0.57) (171, 192, 108, 129)
iter 675:
0.6623 0.7517 0.6641 0.6298 0.7258 0.6960 0.7136 0.6048 0.7630 0.6920 0.5916 0.3220 0.6529 0.7587 0.7458 0.7361 0.6651 0.5778 0.6944 0.6649 0.4418 0.7390 0.6792 0.7274 0.5456 0.6965 0.5622 0.6675 0.7916 0.5776 
0.6330 0.6517 0.5341 0.6000 0.6475 0.6396 0.6507 0.5536 0.6428 0.6486 0.6203 0.4775 0.6380 0.6523 0.6121 0.6687 0.6477 0.5297 0.6401 0.5849 0.5386 0.6502 0.5954 0.6825 0.5219 0.6284 0.5607 0.5930 0.6694 0.4643 
avg train acc: 0.6580 avg test acc: 0.6059 min train acc: 0.3220(11) min test acc: 0.4643(29)
Attack result:(0.4866666666666667, 0.4887640449438202, 0.58) (174, 182, 118, 126)
iter 700:
0.6779 0.7535 0.6518 0.6414 0.7420 0.7123 0.7424 0.6599 0.7442 0.7383 0.5702 0.3764 0.6638 0.7634 0.7484 0.7166 0.6024 0.5706 0.7284 0.6895 0.5116 0.7379 0.6676 0.6986 0.5303 0.6827 0.5828 0.7038 0.7797 0.5980 
0.6515 0.6385 0.5512 0.5955 0.6509 0.6406 0.6566 0.5762 0.6548 0.6577 0.6246 0.5044 0.6333 0.6467 0.6158 0.6700 0.6416 0.5253 0.6474 0.5961 0.5590 0.6673 0.5868 0.6688 0.5314 0.6349 0.5776 0.6039 0.6743 0.4800 
avg train acc: 0.6662 avg test acc: 0.6121 min train acc: 0.3764(11) min test acc: 0.4800(29)
Attack result:(0.5183333333333333, 0.5142118863049095, 0.6633333333333333) (199, 188, 112, 101)
iter 725:
0.6748 0.7783 0.6342 0.6536 0.7307 0.6987 0.7304 0.6494 0.7397 0.7080 0.5866 0.4411 0.6008 0.7467 0.7541 0.6827 0.6651 0.5744 0.6959 0.6604 0.4746 0.7048 0.6763 0.6514 0.5960 0.6630 0.5742 0.6957 0.8085 0.6375 
0.6477 0.6515 0.5698 0.6161 0.6367 0.6435 0.6233 0.5780 0.6340 0.6490 0.6366 0.5337 0.6136 0.6280 0.6322 0.6697 0.6233 0.5121 0.6462 0.5874 0.5442 0.6665 0.5780 0.6492 0.5701 0.6168 0.5868 0.6121 0.6716 0.5215 
avg train acc: 0.6629 avg test acc: 0.6116 min train acc: 0.4411(11) min test acc: 0.5121(17)
Attack result:(0.48833333333333334, 0.4909090909090909, 0.63) (189, 196, 104, 111)
iter 750:
0.6845 0.7417 0.6816 0.6489 0.7212 0.7053 0.7488 0.6752 0.7414 0.7080 0.6412 0.4858 0.6877 0.7474 0.7471 0.7183 0.6186 0.5426 0.7187 0.6553 0.5037 0.7260 0.6674 0.6116 0.6091 0.6235 0.6373 0.7096 0.7931 0.6626 
0.6542 0.6117 0.5959 0.6097 0.6289 0.6334 0.6294 0.5827 0.6430 0.6600 0.6467 0.5443 0.6423 0.6308 0.6403 0.6670 0.5820 0.5297 0.6594 0.5988 0.5678 0.6755 0.5553 0.6151 0.5960 0.5938 0.6037 0.6156 0.6749 0.5391 
avg train acc: 0.6721 avg test acc: 0.6142 min train acc: 0.4858(11) min test acc: 0.5297(17)
Attack result:(0.48, 0.48429319371727747, 0.6166666666666667) (185, 197, 103, 115)
iter 775:
0.6824 0.7234 0.6860 0.6303 0.7178 0.6818 0.7104 0.6586 0.7390 0.6539 0.6339 0.5035 0.6290 0.7223 0.7703 0.7222 0.6053 0.5292 0.7061 0.6646 0.5922 0.7498 0.7010 0.6172 0.6652 0.6013 0.6266 0.7260 0.7594 0.6970 
0.6519 0.6024 0.6021 0.6320 0.6180 0.6231 0.6197 0.6052 0.6479 0.6541 0.6512 0.5431 0.6240 0.6235 0.6588 0.6825 0.5779 0.5055 0.6574 0.5992 0.5559 0.6672 0.5766 0.5913 0.6327 0.5666 0.5996 0.6392 0.6660 0.5696 
avg train acc: 0.6702 avg test acc: 0.6148 min train acc: 0.5035(11) min test acc: 0.5055(17)
Attack result:(0.49166666666666664, 0.4932249322493225, 0.6066666666666667) (182, 187, 113, 118)
iter 800:
0.6881 0.6980 0.6331 0.6739 0.6922 0.6274 0.6712 0.7286 0.7468 0.6390 0.6369 0.5401 0.5979 0.7507 0.7411 0.7044 0.5779 0.5109 0.7002 0.6177 0.5974 0.7448 0.6550 0.6204 0.6638 0.6097 0.5752 0.7621 0.7497 0.6889 
0.6595 0.5926 0.5839 0.6231 0.6327 0.5929 0.5916 0.6329 0.6349 0.6334 0.6408 0.5263 0.6171 0.6233 0.6459 0.6729 0.5605 0.5202 0.6590 0.5857 0.5441 0.6576 0.5965 0.5836 0.6543 0.5552 0.5694 0.6554 0.6805 0.5734 
avg train acc: 0.6614 avg test acc: 0.6100 min train acc: 0.5109(17) min test acc: 0.5202(17)
Attack result:(0.49333333333333335, 0.4948717948717949, 0.6433333333333333) (193, 197, 103, 107)
***** Best Attack Result ********
{
    "iter": 275,
    "attack_metric": [
        0.5333333333333333,
        0.5299401197604791,
        0.59
    ],
    "pred_distribution": [
        177,
        157,
        143,
        123
    ]
}
