************* DL Setting *************
   Seed = 3407
   Setting = s6
   Graph = smallworld30
   Number of Attacker = 1
   Sample per user/ Num of Cover = 4166
   Num of member/non-member = 500
   Normal User Batch size = 128
   Attacker Batch size = 256
   Attack = angle
   Defense = trim
   data distribution = iid
   Init LR = 0.01
   LR Decay = [800]
   Max Iter = 800
   Normal Train Iter = 200
**************************************
iter 25:
0.2979 0.2639 0.2785 0.2809 0.2822 0.2534 0.2563 0.2669 0.2555 0.2602 0.2549 0.2299 0.2373 0.2466 0.2600 0.2525 0.2514 0.2464 0.2439 0.2640 0.2521 0.2289 0.2471 0.2458 0.2562 0.2648 0.2800 0.2912 0.2873 0.2797 
0.2785 0.2644 0.2688 0.2693 0.2637 0.2425 0.2613 0.2528 0.2409 0.2492 0.2375 0.2393 0.2317 0.2308 0.2380 0.2496 0.2452 0.2384 0.2384 0.2508 0.2444 0.2236 0.2415 0.2467 0.2452 0.2518 0.2620 0.2673 0.2796 0.2776 
avg train acc: 0.2605 avg test acc: 0.2510 min train acc: 0.2289(21) min test acc: 0.2236(21)
Attack result:(0.498, 0.49635036496350365, 0.272) (136, 138, 362, 364)
iter 50:
0.4399 0.4351 0.4181 0.4217 0.3897 0.4321 0.4328 0.4448 0.4371 0.4340 0.3980 0.4311 0.4174 0.3520 0.3992 0.3814 0.3671 0.4027 0.4233 0.4285 0.4273 0.3336 0.4292 0.3094 0.4255 0.3593 0.4398 0.4489 0.3968 0.3413 
0.4281 0.4354 0.4078 0.4351 0.3908 0.4295 0.4356 0.4288 0.4220 0.4241 0.3852 0.4257 0.4182 0.3397 0.3924 0.3979 0.3641 0.4027 0.4181 0.4279 0.4233 0.3407 0.4198 0.3230 0.4175 0.3662 0.4349 0.4313 0.3906 0.3445 
avg train acc: 0.4066 avg test acc: 0.4034 min train acc: 0.3094(23) min test acc: 0.3230(23)
Attack result:(0.501, 0.5012106537530266, 0.414) (207, 206, 294, 293)
iter 75:
0.5112 0.5105 0.4958 0.5042 0.4781 0.5007 0.5193 0.5239 0.5209 0.5249 0.4676 0.5148 0.4970 0.4522 0.4866 0.4599 0.4602 0.4658 0.5141 0.5050 0.4843 0.4537 0.5137 0.3805 0.4901 0.4179 0.5246 0.5301 0.4784 0.4599 
0.4920 0.5076 0.4824 0.5128 0.4775 0.4964 0.5175 0.5092 0.4995 0.5056 0.4526 0.5064 0.4912 0.4439 0.4854 0.4678 0.4560 0.4539 0.5069 0.5032 0.4870 0.4529 0.5072 0.3929 0.4925 0.4260 0.5104 0.5093 0.4803 0.4579 
avg train acc: 0.4882 avg test acc: 0.4828 min train acc: 0.3805(23) min test acc: 0.3929(23)
Attack result:(0.491, 0.4904051172707889, 0.46) (230, 239, 261, 270)
iter 100:
0.5429 0.5621 0.5578 0.5434 0.5232 0.5429 0.5607 0.5735 0.5362 0.5503 0.5272 0.5499 0.5489 0.5005 0.5312 0.5071 0.5074 0.5344 0.5535 0.5320 0.5244 0.5054 0.5632 0.4646 0.5288 0.4605 0.5591 0.5654 0.5314 0.5323 
0.5229 0.5558 0.5349 0.5529 0.5148 0.5384 0.5508 0.5500 0.5210 0.5387 0.5228 0.5484 0.5412 0.4895 0.5294 0.5081 0.5019 0.5189 0.5460 0.5369 0.5300 0.5044 0.5525 0.4699 0.5210 0.4647 0.5468 0.5457 0.5383 0.5187 
avg train acc: 0.5340 avg test acc: 0.5272 min train acc: 0.4605(25) min test acc: 0.4647(25)
Attack result:(0.49, 0.49019607843137253, 0.5) (250, 260, 240, 250)
iter 125:
0.5747 0.5986 0.5685 0.5765 0.5695 0.5772 0.6053 0.5992 0.6030 0.6068 0.5768 0.6036 0.5814 0.5580 0.5851 0.5409 0.5705 0.5426 0.5903 0.5788 0.5696 0.5233 0.5802 0.5075 0.5611 0.5141 0.5957 0.6054 0.5669 0.5690 
0.5471 0.5838 0.5514 0.5818 0.5604 0.5683 0.5956 0.5870 0.5788 0.5888 0.5608 0.5910 0.5738 0.5568 0.5820 0.5347 0.5617 0.5331 0.5880 0.5783 0.5720 0.5182 0.5763 0.5106 0.5601 0.5174 0.5869 0.5860 0.5709 0.5554 
avg train acc: 0.5733 avg test acc: 0.5652 min train acc: 0.5075(23) min test acc: 0.5106(23)
Attack result:(0.482, 0.48314606741573035, 0.516) (258, 276, 224, 242)
iter 150:
0.6102 0.6255 0.6142 0.6066 0.5716 0.6171 0.6257 0.6295 0.6191 0.6342 0.6080 0.6307 0.6112 0.5939 0.6300 0.5533 0.6068 0.5733 0.6244 0.6065 0.6015 0.5394 0.6040 0.5095 0.5990 0.5550 0.6348 0.6194 0.5847 0.5859 
0.5791 0.6153 0.5995 0.6096 0.5740 0.6047 0.6168 0.6190 0.6039 0.6158 0.5905 0.6156 0.6028 0.5849 0.6135 0.5580 0.5931 0.5627 0.6156 0.6068 0.6061 0.5298 0.5954 0.5170 0.5974 0.5564 0.6144 0.6009 0.5853 0.5761 
avg train acc: 0.6008 avg test acc: 0.5920 min train acc: 0.5095(23) min test acc: 0.5170(23)
Attack result:(0.485, 0.48677248677248675, 0.552) (276, 291, 209, 224)
iter 175:
0.6253 0.6500 0.6473 0.6352 0.6066 0.6343 0.6449 0.6496 0.6297 0.6491 0.6287 0.6557 0.6478 0.6289 0.6415 0.5618 0.6171 0.5902 0.6442 0.6114 0.6221 0.5702 0.6234 0.5350 0.6182 0.5854 0.6596 0.6426 0.6047 0.6156 
0.5923 0.6415 0.6325 0.6345 0.6044 0.6212 0.6376 0.6332 0.6168 0.6332 0.6147 0.6308 0.6232 0.6140 0.6312 0.5744 0.6062 0.5747 0.6291 0.6036 0.6180 0.5667 0.6142 0.5366 0.6161 0.5926 0.6414 0.6265 0.6057 0.6080 
avg train acc: 0.6225 avg test acc: 0.6125 min train acc: 0.5350(23) min test acc: 0.5366(23)
Attack result:(0.486, 0.4879310344827586, 0.566) (283, 297, 203, 217)
iter 200:
0.6005 0.6482 0.6681 0.6707 0.6433 0.6363 0.6540 0.6725 0.6543 0.6774 0.6468 0.6709 0.6525 0.6609 0.6730 0.5901 0.6593 0.6148 0.6644 0.6143 0.6324 0.6176 0.6670 0.5924 0.6082 0.5801 0.6598 0.6727 0.6579 0.6225 
0.5681 0.6427 0.6380 0.6619 0.6411 0.6189 0.6398 0.6529 0.6377 0.6601 0.6381 0.6511 0.6315 0.6475 0.6578 0.5972 0.6443 0.6093 0.6497 0.6063 0.6304 0.6026 0.6536 0.5993 0.6102 0.5820 0.6422 0.6538 0.6558 0.6078 
avg train acc: 0.6428 avg test acc: 0.6310 min train acc: 0.5801(25) min test acc: 0.5681(0)
Attack result:(0.508, 0.5070422535211268, 0.576) (288, 280, 220, 212)
iter 225:
0.6248 0.6805 0.6843 0.6813 0.6485 0.6569 0.6760 0.6849 0.6695 0.6915 0.6872 0.6908 0.6835 0.6800 0.6839 0.6090 0.6849 0.6090 0.6776 0.6363 0.6521 0.6102 0.6689 0.6090 0.6358 0.6192 0.6981 0.6937 0.6513 0.6423 
0.5925 0.6687 0.6659 0.6768 0.6443 0.6395 0.6544 0.6668 0.6591 0.6727 0.6657 0.6673 0.6564 0.6673 0.6712 0.6063 0.6656 0.6052 0.6683 0.6218 0.6431 0.5928 0.6525 0.6048 0.6339 0.6177 0.6740 0.6724 0.6593 0.6299 
avg train acc: 0.6607 avg test acc: 0.6472 min train acc: 0.6090(15) min test acc: 0.5925(0)
Attack result:(0.503, 0.5025466893039049, 0.592) (296, 293, 207, 204)
iter 250:
0.6622 0.6917 0.6937 0.6817 0.6489 0.6815 0.6899 0.7000 0.6884 0.6999 0.6997 0.7027 0.6917 0.6861 0.7085 0.6162 0.6900 0.6287 0.7071 0.6605 0.6839 0.6215 0.6705 0.5990 0.6674 0.6362 0.6994 0.6820 0.6656 0.6653 
0.6276 0.6842 0.6792 0.6771 0.6477 0.6680 0.6798 0.6853 0.6726 0.6813 0.6755 0.6806 0.6697 0.6750 0.6841 0.6138 0.6829 0.6169 0.6858 0.6540 0.6707 0.6145 0.6581 0.5961 0.6583 0.6356 0.6827 0.6672 0.6630 0.6555 
avg train acc: 0.6740 avg test acc: 0.6614 min train acc: 0.5990(23) min test acc: 0.5961(23)
Attack result:(0.493, 0.49432739059967584, 0.61) (305, 312, 188, 195)
iter 275:
0.6750 0.7159 0.7147 0.6975 0.6766 0.6976 0.6978 0.7129 0.6882 0.7154 0.7061 0.7226 0.7087 0.7124 0.7046 0.6196 0.7075 0.6305 0.7181 0.6631 0.6937 0.6471 0.6904 0.6269 0.6964 0.6794 0.7246 0.6913 0.6724 0.6788 
0.6414 0.6998 0.7010 0.6869 0.6654 0.6826 0.6903 0.6905 0.6698 0.6895 0.6879 0.6901 0.6845 0.6925 0.6925 0.6245 0.6916 0.6258 0.6930 0.6504 0.6819 0.6353 0.6680 0.6223 0.6833 0.6709 0.6986 0.6758 0.6762 0.6651 
avg train acc: 0.6895 avg test acc: 0.6742 min train acc: 0.6196(15) min test acc: 0.6223(23)
Attack result:(0.488, 0.490625, 0.628) (314, 326, 174, 186)
iter 300:
0.6660 0.7154 0.7180 0.7133 0.6944 0.6952 0.7110 0.7267 0.7196 0.7346 0.7185 0.7182 0.7106 0.7127 0.7294 0.6515 0.7155 0.6655 0.7209 0.6643 0.7052 0.6895 0.7180 0.6695 0.6871 0.6784 0.7242 0.7265 0.7057 0.6617 
0.6398 0.7024 0.7014 0.7075 0.6818 0.6819 0.6867 0.7038 0.7013 0.7080 0.6990 0.6983 0.6900 0.6987 0.7009 0.6537 0.7054 0.6528 0.7017 0.6548 0.6939 0.6695 0.6971 0.6692 0.6755 0.6673 0.7043 0.7018 0.7014 0.6510 
avg train acc: 0.7022 avg test acc: 0.6867 min train acc: 0.6515(15) min test acc: 0.6398(0)
Attack result:(0.484, 0.48717948717948717, 0.608) (304, 320, 180, 196)
iter 325:
0.6859 0.7417 0.7347 0.7262 0.7063 0.7143 0.7143 0.7205 0.7176 0.7328 0.7295 0.7341 0.7217 0.7203 0.7283 0.6587 0.7210 0.6832 0.7113 0.6595 0.6995 0.6908 0.7216 0.7023 0.6967 0.6957 0.7437 0.7301 0.7027 0.6778 
0.6591 0.7155 0.7170 0.7157 0.6948 0.6957 0.6982 0.7034 0.7013 0.7090 0.7066 0.7060 0.7029 0.7055 0.7042 0.6589 0.7082 0.6669 0.6976 0.6503 0.6845 0.6766 0.7045 0.6900 0.6772 0.6859 0.7140 0.7122 0.7052 0.6658 
avg train acc: 0.7108 avg test acc: 0.6944 min train acc: 0.6587(15) min test acc: 0.6503(19)
Attack result:(0.485, 0.4884080370942813, 0.632) (316, 331, 169, 184)
iter 350:
0.6933 0.7361 0.7363 0.7231 0.7164 0.7256 0.7248 0.7411 0.7389 0.7428 0.7440 0.7435 0.7335 0.7279 0.7419 0.6646 0.7228 0.6735 0.7403 0.7020 0.7261 0.7088 0.7290 0.6960 0.7215 0.7038 0.7386 0.7314 0.7282 0.6981 
0.6601 0.7183 0.7209 0.7165 0.6992 0.7075 0.7082 0.7173 0.7137 0.7170 0.7186 0.7156 0.7139 0.7121 0.7144 0.6678 0.7139 0.6598 0.7160 0.6860 0.7109 0.6914 0.7129 0.6902 0.7037 0.6897 0.7174 0.7128 0.7191 0.6837 
avg train acc: 0.7218 avg test acc: 0.7043 min train acc: 0.6646(15) min test acc: 0.6598(17)
Attack result:(0.484, 0.4876543209876543, 0.632) (316, 332, 168, 184)
iter 375:
0.7060 0.7464 0.7461 0.7325 0.7317 0.7284 0.7278 0.7461 0.7272 0.7549 0.7437 0.7505 0.7482 0.7393 0.7400 0.6795 0.7318 0.6695 0.7384 0.6788 0.7314 0.7217 0.7344 0.7116 0.7273 0.7136 0.7490 0.7312 0.7304 0.7077 
0.6786 0.7257 0.7294 0.7215 0.7141 0.7144 0.7167 0.7204 0.7094 0.7227 0.7208 0.7226 0.7232 0.7198 0.7185 0.6795 0.7191 0.6616 0.7103 0.6726 0.7115 0.7051 0.7144 0.7010 0.7090 0.6990 0.7232 0.7150 0.7237 0.6913 
avg train acc: 0.7275 avg test acc: 0.7098 min train acc: 0.6695(17) min test acc: 0.6616(17)
Attack result:(0.472, 0.47904191616766467, 0.64) (320, 348, 152, 180)
iter 400:
0.7179 0.7506 0.7455 0.7443 0.7305 0.7401 0.7466 0.7549 0.7432 0.7578 0.7580 0.7570 0.7452 0.7376 0.7453 0.6923 0.7361 0.6991 0.7575 0.7127 0.7495 0.7252 0.7472 0.7261 0.7510 0.7353 0.7639 0.7593 0.7347 0.7120 
0.6949 0.7335 0.7296 0.7312 0.7091 0.7277 0.7225 0.7314 0.7267 0.7273 0.7304 0.7320 0.7304 0.7238 0.7220 0.6916 0.7273 0.6876 0.7309 0.7056 0.7313 0.7062 0.7246 0.7128 0.7246 0.7176 0.7370 0.7308 0.7283 0.6937 
avg train acc: 0.7392 avg test acc: 0.7208 min train acc: 0.6923(15) min test acc: 0.6876(17)
Attack result:(0.476, 0.4826086956521739, 0.666) (333, 357, 143, 167)
iter 410:
0.7212 0.7512 0.7611 0.7551 0.7378 0.7444 0.7425 0.7574 0.7520 0.7617 0.7654 0.7678 0.7565 0.7437 0.7602 0.7037 0.7361 0.6966 0.7578 0.7000 0.7475 0.7315 0.7553 0.7450 0.7375 0.7399 0.7624 0.7567 0.7374 0.7105 
0.6929 0.7338 0.7395 0.7400 0.7196 0.7268 0.7260 0.7329 0.7263 0.7348 0.7383 0.7391 0.7398 0.7267 0.7297 0.7045 0.7319 0.6833 0.7279 0.6957 0.7302 0.7141 0.7330 0.7196 0.7203 0.7189 0.7329 0.7394 0.7308 0.6907 
avg train acc: 0.7432 avg test acc: 0.7240 min train acc: 0.6966(17) min test acc: 0.6833(17)
Attack result:(0.484, 0.4882005899705015, 0.662) (331, 347, 153, 169)
iter 420:
0.7113 0.7539 0.7473 0.7429 0.7509 0.7385 0.7494 0.7614 0.7439 0.7695 0.7529 0.7505 0.7512 0.7551 0.7491 0.6859 0.7382 0.6910 0.7609 0.7190 0.7606 0.7284 0.7553 0.7232 0.7531 0.7467 0.7604 0.7533 0.7376 0.7227 
0.6887 0.7310 0.7307 0.7299 0.7246 0.7227 0.7326 0.7316 0.7290 0.7343 0.7240 0.7246 0.7312 0.7306 0.7291 0.6812 0.7282 0.6760 0.7357 0.7114 0.7344 0.7071 0.7320 0.7069 0.7300 0.7219 0.7384 0.7289 0.7339 0.7097 
avg train acc: 0.7421 avg test acc: 0.7223 min train acc: 0.6859(15) min test acc: 0.6760(17)
Attack result:(0.479, 0.4850640113798009, 0.682) (341, 362, 138, 159)
iter 430:
0.7226 0.7595 0.7501 0.7466 0.7397 0.7476 0.7489 0.7589 0.7488 0.7674 0.7476 0.7561 0.7504 0.7422 0.7682 0.6633 0.7514 0.6824 0.7566 0.7158 0.7465 0.7439 0.7602 0.7348 0.7484 0.7378 0.7628 0.7535 0.7336 0.7028 
0.6948 0.7313 0.7287 0.7354 0.7164 0.7241 0.7308 0.7355 0.7302 0.7359 0.7200 0.7287 0.7278 0.7242 0.7339 0.6719 0.7364 0.6729 0.7359 0.7038 0.7322 0.7176 0.7339 0.7169 0.7263 0.7174 0.7351 0.7319 0.7268 0.6815 
avg train acc: 0.7416 avg test acc: 0.7213 min train acc: 0.6633(15) min test acc: 0.6719(15)
Attack result:(0.479, 0.4845360824742268, 0.658) (329, 350, 150, 171)
iter 440:
0.7337 0.7605 0.7645 0.7598 0.7487 0.7503 0.7474 0.7619 0.7570 0.7757 0.7581 0.7616 0.7540 0.7493 0.7519 0.7039 0.7540 0.6969 0.7662 0.7151 0.7493 0.7462 0.7575 0.7355 0.7580 0.7313 0.7596 0.7451 0.7414 0.7406 
0.7066 0.7429 0.7417 0.7414 0.7306 0.7367 0.7369 0.7358 0.7324 0.7407 0.7322 0.7329 0.7365 0.7292 0.7318 0.7013 0.7363 0.6880 0.7369 0.7048 0.7311 0.7272 0.7333 0.7194 0.7300 0.7111 0.7366 0.7250 0.7353 0.7208 
avg train acc: 0.7478 avg test acc: 0.7282 min train acc: 0.6969(17) min test acc: 0.6880(17)
Attack result:(0.48, 0.48599439775910364, 0.694) (347, 367, 133, 153)
iter 450:
0.7292 0.7637 0.7619 0.7573 0.7394 0.7570 0.7557 0.7586 0.7629 0.7599 0.7660 0.7624 0.7607 0.7508 0.7610 0.7072 0.7476 0.7157 0.7648 0.7373 0.7582 0.7415 0.7634 0.7419 0.7519 0.7402 0.7702 0.7646 0.7480 0.7250 
0.6983 0.7388 0.7416 0.7402 0.7154 0.7381 0.7364 0.7370 0.7359 0.7341 0.7430 0.7403 0.7377 0.7337 0.7351 0.7075 0.7407 0.6977 0.7390 0.7237 0.7368 0.7193 0.7408 0.7240 0.7287 0.7192 0.7429 0.7428 0.7394 0.7054 
avg train acc: 0.7508 avg test acc: 0.7305 min train acc: 0.7072(15) min test acc: 0.6977(17)
Attack result:(0.486, 0.48970588235294116, 0.666) (333, 347, 153, 167)
iter 460:
0.7413 0.7720 0.7607 0.7615 0.7425 0.7654 0.7573 0.7657 0.7449 0.7686 0.7744 0.7605 0.7559 0.7558 0.7674 0.7056 0.7422 0.7035 0.7610 0.7318 0.7544 0.7459 0.7583 0.7496 0.7522 0.7294 0.7687 0.7722 0.7519 0.7381 
0.7149 0.7405 0.7398 0.7413 0.7269 0.7372 0.7391 0.7354 0.7246 0.7339 0.7416 0.7363 0.7422 0.7350 0.7369 0.7024 0.7361 0.6913 0.7379 0.7159 0.7374 0.7329 0.7430 0.7319 0.7257 0.7123 0.7459 0.7454 0.7426 0.7242 
avg train acc: 0.7519 avg test acc: 0.7317 min train acc: 0.7035(17) min test acc: 0.6913(17)
Attack result:(0.467, 0.4769874476987448, 0.684) (342, 375, 125, 158)
iter 470:
0.7302 0.7630 0.7661 0.7686 0.7497 0.7613 0.7607 0.7751 0.7632 0.7735 0.7712 0.7775 0.7613 0.7500 0.7558 0.7117 0.7495 0.7228 0.7645 0.7374 0.7634 0.7320 0.7631 0.7400 0.7648 0.7540 0.7705 0.7680 0.7517 0.7167 
0.7063 0.7414 0.7382 0.7491 0.7285 0.7359 0.7392 0.7466 0.7395 0.7424 0.7441 0.7458 0.7422 0.7275 0.7299 0.7101 0.7403 0.7065 0.7391 0.7228 0.7430 0.7116 0.7400 0.7195 0.7340 0.7285 0.7416 0.7425 0.7395 0.7045 
avg train acc: 0.7546 avg test acc: 0.7327 min train acc: 0.7117(15) min test acc: 0.7045(29)
Attack result:(0.473, 0.48074179743223966, 0.674) (337, 364, 136, 163)
iter 480:
0.7427 0.7730 0.7645 0.7568 0.7538 0.7598 0.7682 0.7800 0.7727 0.7834 0.7590 0.7675 0.7671 0.7689 0.7689 0.7246 0.7480 0.7120 0.7714 0.7251 0.7607 0.7565 0.7659 0.7502 0.7641 0.7385 0.7740 0.7722 0.7529 0.7499 
0.7149 0.7463 0.7453 0.7408 0.7289 0.7399 0.7475 0.7509 0.7489 0.7514 0.7364 0.7422 0.7441 0.7440 0.7428 0.7166 0.7381 0.7029 0.7460 0.7174 0.7390 0.7346 0.7383 0.7283 0.7282 0.7117 0.7425 0.7415 0.7417 0.7295 
avg train acc: 0.7584 avg test acc: 0.7360 min train acc: 0.7120(17) min test acc: 0.7029(17)
Attack result:(0.491, 0.49375866851595007, 0.712) (356, 365, 135, 144)
iter 490:
0.7484 0.7817 0.7747 0.7692 0.7501 0.7669 0.7661 0.7694 0.7593 0.7757 0.7701 0.7725 0.7674 0.7565 0.7645 0.7250 0.7557 0.7449 0.7590 0.7338 0.7509 0.7407 0.7606 0.7351 0.7573 0.7557 0.7794 0.7723 0.7407 0.7280 
0.7247 0.7495 0.7511 0.7509 0.7251 0.7450 0.7460 0.7394 0.7402 0.7431 0.7409 0.7480 0.7438 0.7344 0.7356 0.7208 0.7426 0.7220 0.7383 0.7169 0.7341 0.7217 0.7427 0.7155 0.7310 0.7344 0.7509 0.7469 0.7328 0.7128 
avg train acc: 0.7577 avg test acc: 0.7360 min train acc: 0.7250(15) min test acc: 0.7128(29)
Attack result:(0.486, 0.49022346368715086, 0.702) (351, 365, 135, 149)
iter 500:
0.7482 0.7801 0.7720 0.7686 0.7510 0.7706 0.7661 0.7858 0.7699 0.7786 0.7764 0.7759 0.7665 0.7557 0.7636 0.7163 0.7481 0.7170 0.7705 0.7359 0.7610 0.7420 0.7657 0.7551 0.7795 0.7539 0.7850 0.7786 0.7576 0.7408 
0.7177 0.7509 0.7505 0.7496 0.7282 0.7488 0.7474 0.7514 0.7477 0.7470 0.7501 0.7488 0.7499 0.7395 0.7366 0.7104 0.7364 0.7015 0.7384 0.7245 0.7400 0.7224 0.7397 0.7354 0.7447 0.7296 0.7526 0.7513 0.7435 0.7232 
avg train acc: 0.7612 avg test acc: 0.7386 min train acc: 0.7163(15) min test acc: 0.7015(17)
Attack result:(0.479, 0.4851063829787234, 0.684) (342, 363, 137, 158)
iter 525:
0.7388 0.7740 0.7695 0.7790 0.7690 0.7637 0.7724 0.7864 0.7757 0.7882 0.7799 0.7745 0.7730 0.7719 0.7782 0.7303 0.7558 0.7301 0.7716 0.7408 0.7683 0.7633 0.7773 0.7565 0.7707 0.7462 0.7747 0.7739 0.7643 0.7527 
0.7211 0.7402 0.7443 0.7530 0.7460 0.7414 0.7516 0.7535 0.7486 0.7553 0.7473 0.7517 0.7561 0.7463 0.7498 0.7229 0.7472 0.7124 0.7513 0.7270 0.7491 0.7445 0.7573 0.7383 0.7387 0.7249 0.7496 0.7482 0.7502 0.7360 
avg train acc: 0.7657 avg test acc: 0.7435 min train acc: 0.7301(17) min test acc: 0.7124(17)
Attack result:(0.472, 0.4805013927576602, 0.69) (345, 373, 127, 155)
iter 550:
0.7579 0.7862 0.7829 0.7808 0.7486 0.7777 0.7800 0.7789 0.7768 0.7816 0.7827 0.7853 0.7782 0.7801 0.7870 0.7246 0.7684 0.7310 0.7837 0.7501 0.7793 0.7517 0.7780 0.7610 0.7839 0.7620 0.7874 0.7808 0.7593 0.7446 
0.7264 0.7583 0.7601 0.7583 0.7267 0.7547 0.7566 0.7562 0.7531 0.7554 0.7540 0.7600 0.7563 0.7548 0.7557 0.7198 0.7580 0.7126 0.7551 0.7422 0.7578 0.7316 0.7557 0.7372 0.7493 0.7431 0.7582 0.7580 0.7466 0.7236 
avg train acc: 0.7703 avg test acc: 0.7478 min train acc: 0.7246(15) min test acc: 0.7126(17)
Attack result:(0.483, 0.4882758620689655, 0.708) (354, 371, 129, 146)
iter 575:
0.7529 0.7852 0.7912 0.7861 0.7692 0.7822 0.7765 0.7849 0.7905 0.7947 0.7873 0.7930 0.7871 0.7757 0.7873 0.7472 0.7731 0.7389 0.7872 0.7365 0.7793 0.7594 0.7781 0.7642 0.7702 0.7666 0.7905 0.7846 0.7740 0.7487 
0.7267 0.7581 0.7631 0.7648 0.7489 0.7549 0.7570 0.7569 0.7575 0.7604 0.7610 0.7625 0.7655 0.7511 0.7555 0.7409 0.7587 0.7206 0.7574 0.7304 0.7582 0.7392 0.7592 0.7445 0.7445 0.7407 0.7568 0.7654 0.7577 0.7253 
avg train acc: 0.7747 avg test acc: 0.7514 min train acc: 0.7365(19) min test acc: 0.7206(17)
Attack result:(0.496, 0.4972144846796657, 0.714) (357, 361, 139, 143)
iter 600:
0.7586 0.7871 0.7839 0.7766 0.7692 0.7876 0.7871 0.7956 0.7835 0.7973 0.7853 0.7842 0.7810 0.7759 0.7793 0.7232 0.7698 0.7205 0.7872 0.7499 0.7769 0.7505 0.7830 0.7680 0.7818 0.7622 0.7953 0.7916 0.7816 0.7509 
0.7283 0.7625 0.7613 0.7596 0.7447 0.7575 0.7640 0.7643 0.7607 0.7639 0.7573 0.7597 0.7594 0.7549 0.7505 0.7119 0.7519 0.7110 0.7534 0.7411 0.7563 0.7345 0.7580 0.7481 0.7464 0.7391 0.7607 0.7642 0.7617 0.7340 
avg train acc: 0.7741 avg test acc: 0.7507 min train acc: 0.7205(17) min test acc: 0.7110(17)
Attack result:(0.491, 0.4937062937062937, 0.706) (353, 362, 138, 147)
iter 625:
0.7674 0.7949 0.7838 0.7873 0.7677 0.7787 0.7745 0.7903 0.7748 0.7939 0.7921 0.7836 0.7742 0.7823 0.7952 0.7320 0.7736 0.7220 0.7886 0.7507 0.7808 0.7638 0.7783 0.7651 0.7875 0.7671 0.7906 0.7951 0.7787 0.7637 
0.7410 0.7595 0.7601 0.7610 0.7479 0.7580 0.7599 0.7580 0.7521 0.7603 0.7577 0.7564 0.7618 0.7564 0.7611 0.7235 0.7578 0.7076 0.7605 0.7412 0.7611 0.7486 0.7621 0.7449 0.7542 0.7402 0.7676 0.7664 0.7586 0.7413 
avg train acc: 0.7759 avg test acc: 0.7529 min train acc: 0.7220(17) min test acc: 0.7076(17)
Attack result:(0.49, 0.49320652173913043, 0.726) (363, 373, 127, 137)
iter 650:
0.7588 0.8021 0.7879 0.7898 0.7641 0.7885 0.7893 0.7993 0.7817 0.7952 0.7915 0.7963 0.7943 0.7894 0.7953 0.7136 0.7866 0.7163 0.7985 0.7474 0.7825 0.7618 0.7929 0.7700 0.7883 0.7667 0.8006 0.7855 0.7817 0.7564 
0.7278 0.7687 0.7710 0.7676 0.7403 0.7616 0.7681 0.7691 0.7567 0.7645 0.7607 0.7678 0.7676 0.7588 0.7638 0.7083 0.7682 0.6993 0.7711 0.7417 0.7625 0.7445 0.7687 0.7484 0.7540 0.7451 0.7700 0.7624 0.7587 0.7322 
avg train acc: 0.7791 avg test acc: 0.7550 min train acc: 0.7136(15) min test acc: 0.6993(17)
Attack result:(0.489, 0.4924554183813443, 0.718) (359, 370, 130, 141)
iter 675:
0.7435 0.7866 0.7899 0.7944 0.7796 0.7701 0.7700 0.7897 0.7884 0.7948 0.8010 0.8037 0.7882 0.7893 0.8020 0.7441 0.7911 0.7459 0.7957 0.7184 0.7692 0.7561 0.7940 0.7627 0.7713 0.7551 0.7968 0.7959 0.7847 0.7526 
0.7199 0.7642 0.7656 0.7749 0.7562 0.7487 0.7499 0.7627 0.7651 0.7644 0.7702 0.7705 0.7676 0.7631 0.7673 0.7395 0.7726 0.7213 0.7625 0.7177 0.7537 0.7407 0.7712 0.7406 0.7428 0.7328 0.7645 0.7711 0.7637 0.7312 
avg train acc: 0.7775 avg test acc: 0.7545 min train acc: 0.7184(19) min test acc: 0.7177(19)
Attack result:(0.52, 0.5139664804469274, 0.736) (368, 348, 152, 132)
iter 700:
0.7446 0.7985 0.7891 0.7853 0.7496 0.7800 0.7998 0.8053 0.7810 0.8053 0.7972 0.8049 0.7853 0.7888 0.8002 0.7233 0.7845 0.7423 0.7978 0.7320 0.7745 0.7338 0.7888 0.7466 0.7728 0.7570 0.8002 0.8003 0.7669 0.7535 
0.7182 0.7682 0.7675 0.7630 0.7277 0.7556 0.7750 0.7748 0.7585 0.7681 0.7685 0.7695 0.7629 0.7629 0.7663 0.7194 0.7672 0.7233 0.7657 0.7253 0.7580 0.7112 0.7649 0.7239 0.7367 0.7295 0.7666 0.7726 0.7541 0.7305 
avg train acc: 0.7763 avg test acc: 0.7519 min train acc: 0.7233(15) min test acc: 0.7112(21)
Attack result:(0.5, 0.5, 0.72) (360, 360, 140, 140)
iter 725:
0.7484 0.8012 0.7906 0.7880 0.7497 0.7735 0.7799 0.7902 0.7812 0.8021 0.7925 0.7910 0.7806 0.7912 0.8047 0.7348 0.7838 0.7366 0.7925 0.7320 0.7736 0.7323 0.7887 0.7286 0.7724 0.7499 0.8021 0.8045 0.7712 0.7640 
0.7225 0.7697 0.7670 0.7641 0.7304 0.7526 0.7582 0.7588 0.7557 0.7670 0.7599 0.7651 0.7623 0.7640 0.7701 0.7263 0.7613 0.7157 0.7634 0.7274 0.7571 0.7139 0.7635 0.7105 0.7452 0.7304 0.7780 0.7768 0.7514 0.7407 
avg train acc: 0.7744 avg test acc: 0.7510 min train acc: 0.7286(23) min test acc: 0.7105(23)
Attack result:(0.498, 0.4986301369863014, 0.728) (364, 366, 134, 136)
iter 750:
0.7493 0.8052 0.7964 0.7891 0.7493 0.7864 0.7947 0.8078 0.7639 0.7918 0.7999 0.7985 0.7981 0.7841 0.7995 0.7348 0.7873 0.7321 0.8030 0.7430 0.7710 0.7319 0.7864 0.7245 0.7652 0.7406 0.7993 0.7990 0.7801 0.7748 
0.7177 0.7734 0.7748 0.7663 0.7281 0.7618 0.7742 0.7736 0.7423 0.7577 0.7730 0.7677 0.7725 0.7572 0.7664 0.7271 0.7676 0.7136 0.7746 0.7342 0.7544 0.7102 0.7608 0.7142 0.7409 0.7219 0.7754 0.7680 0.7605 0.7493 
avg train acc: 0.7762 avg test acc: 0.7526 min train acc: 0.7245(23) min test acc: 0.7102(21)
Attack result:(0.496, 0.4972375690607735, 0.72) (360, 364, 136, 140)
iter 775:
0.7430 0.7982 0.7885 0.7954 0.7776 0.7793 0.7913 0.8099 0.7863 0.8011 0.8172 0.8157 0.7948 0.7820 0.8062 0.7466 0.7974 0.7600 0.8032 0.7422 0.7743 0.7221 0.7909 0.7366 0.7716 0.7539 0.8013 0.8021 0.7830 0.7767 
0.7120 0.7681 0.7639 0.7772 0.7532 0.7510 0.7678 0.7807 0.7602 0.7715 0.7814 0.7839 0.7769 0.7587 0.7739 0.7379 0.7757 0.7343 0.7734 0.7336 0.7545 0.7084 0.7622 0.7257 0.7419 0.7244 0.7704 0.7764 0.7629 0.7543 
avg train acc: 0.7816 avg test acc: 0.7572 min train acc: 0.7221(21) min test acc: 0.7084(21)
Attack result:(0.504, 0.5028409090909091, 0.708) (354, 350, 150, 146)
iter 800:
0.7456 0.8007 0.8013 0.7989 0.7721 0.7736 0.7963 0.8056 0.7845 0.8129 0.8094 0.8120 0.7827 0.7950 0.8112 0.7526 0.7931 0.7765 0.7907 0.7258 0.7691 0.7420 0.7990 0.7374 0.7568 0.7419 0.8023 0.8044 0.7739 0.7715 
0.7103 0.7695 0.7754 0.7766 0.7487 0.7506 0.7699 0.7809 0.7629 0.7756 0.7732 0.7747 0.7632 0.7704 0.7732 0.7487 0.7718 0.7521 0.7658 0.7076 0.7505 0.7229 0.7747 0.7225 0.7323 0.7213 0.7709 0.7770 0.7563 0.7453 
avg train acc: 0.7813 avg test acc: 0.7565 min train acc: 0.7258(19) min test acc: 0.7076(19)
Attack result:(0.49, 0.49283667621776506, 0.688) (344, 354, 146, 156)
***** Best Attack Result ********
{
    "iter": 675,
    "attack_metric": [
        0.52,
        0.5139664804469274,
        0.736
    ],
    "pred_distribution": [
        368,
        348,
        152,
        132
    ]
}
