************* DL Setting *************
   Seed = 3407
   Setting = s6
   Graph = smallworld30
   Number of Attacker = 1
   Sample per user/ Num of Cover = 4166
   Num of member/non-member = 300
   Normal User Batch size = 128
   Attacker Batch size = 256
   Attack = norm
   Defense = trim
   data distribution = non-iid
   Init LR = 0.01
   LR Decay = [800]
   Max Iter = 800
   Normal Train Iter = 200
**************************************
iter 25:
0.1027 0.3178 0.3686 0.2590 0.3705 0.2728 0.3412 0.3372 0.2075 0.2946 0.3703 0.2660 0.3079 0.2945 0.4227 0.1035 0.2956 0.1787 0.4103 0.4317 0.3114 0.2951 0.2778 0.4102 0.2637 0.3640 0.3275 0.4099 0.5364 0.3601 
0.0990 0.0839 0.0770 0.0786 0.0607 0.0497 0.0659 0.0404 0.0325 0.0473 0.0528 0.0477 0.0316 0.0315 0.0423 0.0488 0.0515 0.0365 0.0552 0.0383 0.0305 0.0376 0.0645 0.0357 0.0712 0.0791 0.0826 0.0734 0.0770 0.0692 
avg train acc: 0.3170 avg test acc: 0.0564 min train acc: 0.1027(0) min test acc: 0.0305(20)
Attack result:(0.48333333333333334, 0.4166666666666667, 0.08333333333333333) (25, 35, 265, 275)
iter 50:
0.1832 0.4703 0.3803 0.4633 0.2587 0.3776 0.3518 0.4001 0.5168 0.4648 0.2361 0.3844 0.4688 0.4042 0.4145 0.1786 0.2558 0.2306 0.4361 0.4447 0.4466 0.3225 0.3716 0.4051 0.3162 0.2113 0.4670 0.3657 0.5164 0.2881 
0.1694 0.1952 0.1704 0.2085 0.1480 0.1727 0.1763 0.1721 0.1631 0.1681 0.1682 0.1804 0.1650 0.1378 0.1566 0.1069 0.1453 0.1116 0.1645 0.1674 0.1363 0.1130 0.1713 0.1146 0.1613 0.1454 0.1853 0.1927 0.1749 0.1786 
avg train acc: 0.3677 avg test acc: 0.1607 min train acc: 0.1786(15) min test acc: 0.1069(15)
Attack result:(0.5083333333333333, 0.5242718446601942, 0.18) (54, 49, 251, 246)
iter 75:
0.2206 0.5323 0.4897 0.4812 0.3279 0.4171 0.4766 0.4996 0.5539 0.5020 0.3413 0.5003 0.4777 0.4803 0.5950 0.2582 0.4354 0.4016 0.5315 0.4676 0.4833 0.2905 0.5000 0.2983 0.3883 0.2169 0.5500 0.5199 0.5671 0.3338 
0.2078 0.2776 0.2329 0.3138 0.2459 0.2396 0.2693 0.3013 0.2384 0.2424 0.2528 0.2899 0.2816 0.2205 0.2429 0.1752 0.2211 0.1791 0.2625 0.2447 0.2256 0.1787 0.2801 0.1758 0.2513 0.1889 0.3158 0.2925 0.2753 0.2378 
avg train acc: 0.4379 avg test acc: 0.2454 min train acc: 0.2169(25) min test acc: 0.1752(15)
Attack result:(0.5216666666666666, 0.5546218487394958, 0.22) (66, 53, 247, 234)
iter 100:
0.3088 0.5770 0.5468 0.5519 0.4237 0.4940 0.4112 0.5507 0.5214 0.5748 0.4350 0.5038 0.4870 0.4933 0.5577 0.3883 0.5034 0.4225 0.5427 0.5147 0.5126 0.3930 0.5234 0.3845 0.4287 0.3196 0.6128 0.5671 0.5653 0.4318 
0.2945 0.3669 0.3200 0.3744 0.3028 0.3065 0.3392 0.3595 0.3430 0.3147 0.3178 0.3326 0.3354 0.2879 0.3175 0.2646 0.2947 0.2667 0.3652 0.3244 0.3008 0.2513 0.3565 0.2373 0.3240 0.2643 0.3734 0.3512 0.3250 0.2804 
avg train acc: 0.4849 avg test acc: 0.3164 min train acc: 0.3088(0) min test acc: 0.2373(23)
Attack result:(0.5183333333333333, 0.5325443786982249, 0.3) (90, 79, 221, 210)
iter 125:
0.3464 0.5939 0.5508 0.5876 0.4545 0.5190 0.4903 0.5924 0.5416 0.5108 0.4881 0.5929 0.5494 0.5143 0.6211 0.4217 0.4458 0.4240 0.5531 0.5474 0.5617 0.4129 0.5722 0.4322 0.4986 0.3461 0.6631 0.5101 0.6133 0.4641 
0.3344 0.3875 0.3781 0.4185 0.3536 0.3633 0.4038 0.3971 0.3766 0.3850 0.3976 0.4227 0.4189 0.3465 0.3698 0.3128 0.3566 0.3246 0.4091 0.3619 0.3390 0.3193 0.4020 0.2958 0.3698 0.3255 0.4051 0.4034 0.3619 0.3197 
avg train acc: 0.5140 avg test acc: 0.3687 min train acc: 0.3461(25) min test acc: 0.2958(23)
Attack result:(0.5116666666666667, 0.5193370165745856, 0.31333333333333335) (94, 87, 213, 206)
iter 150:
0.3844 0.6369 0.6068 0.5784 0.5128 0.5802 0.5338 0.6236 0.5931 0.5694 0.5305 0.6028 0.5809 0.5389 0.6101 0.4891 0.5426 0.4549 0.5874 0.5460 0.5139 0.4996 0.5684 0.4677 0.4627 0.4106 0.6991 0.6528 0.6122 0.5257 
0.3726 0.4484 0.4363 0.4373 0.3636 0.3934 0.4333 0.4412 0.4005 0.4098 0.4420 0.4474 0.4409 0.3913 0.4188 0.3951 0.3854 0.3792 0.4479 0.3905 0.3734 0.3427 0.4316 0.3314 0.3952 0.3495 0.4448 0.4306 0.3864 0.3682 
avg train acc: 0.5505 avg test acc: 0.4043 min train acc: 0.3844(0) min test acc: 0.3314(23)
Attack result:(0.5083333333333333, 0.5121951219512195, 0.35) (105, 100, 200, 195)
iter 175:
0.3898 0.6236 0.5925 0.5877 0.5102 0.5421 0.5632 0.6237 0.6414 0.6164 0.5055 0.6422 0.6057 0.5515 0.6129 0.5025 0.5512 0.4620 0.5935 0.5612 0.5378 0.4582 0.5756 0.5023 0.5031 0.4363 0.6756 0.5618 0.6428 0.6070 
0.3718 0.4533 0.4587 0.4678 0.4201 0.4081 0.4866 0.4651 0.4218 0.4439 0.4522 0.4748 0.4717 0.4213 0.4367 0.3777 0.3985 0.3897 0.4575 0.3794 0.3749 0.3437 0.4308 0.3478 0.3926 0.3749 0.4535 0.4442 0.4208 0.3995 
avg train acc: 0.5593 avg test acc: 0.4213 min train acc: 0.3898(0) min test acc: 0.3437(21)
Attack result:(0.5116666666666667, 0.5169082125603864, 0.3566666666666667) (107, 100, 200, 193)
iter 200:
0.4118 0.6693 0.6486 0.5912 0.5846 0.5077 0.5739 0.6512 0.6464 0.6224 0.5501 0.6000 0.6157 0.6099 0.5608 0.5360 0.6048 0.5165 0.6370 0.4974 0.5889 0.5044 0.6171 0.5033 0.5265 0.4842 0.7067 0.6592 0.6625 0.6178 
0.3913 0.4651 0.4817 0.4967 0.4490 0.4540 0.4863 0.4979 0.4511 0.4842 0.5040 0.5089 0.4856 0.4712 0.4715 0.4193 0.4282 0.4515 0.4700 0.3928 0.4235 0.3699 0.4755 0.4122 0.4360 0.4229 0.4870 0.4886 0.4532 0.3800 
avg train acc: 0.5835 avg test acc: 0.4536 min train acc: 0.4118(0) min test acc: 0.3699(21)
Attack result:(0.5033333333333333, 0.5045871559633027, 0.36666666666666664) (110, 108, 192, 190)
iter 225:
0.4504 0.6832 0.6001 0.5662 0.5281 0.5413 0.5723 0.6431 0.6823 0.6489 0.5771 0.5766 0.6290 0.6047 0.6120 0.5013 0.5913 0.4114 0.6192 0.4509 0.5771 0.4957 0.5917 0.4670 0.5578 0.5268 0.7310 0.6509 0.6216 0.6077 
0.4281 0.5010 0.5082 0.4945 0.4397 0.4583 0.4900 0.4963 0.4492 0.4797 0.4673 0.4629 0.4781 0.4697 0.4740 0.3861 0.4495 0.4296 0.4599 0.3780 0.4197 0.4050 0.4831 0.4052 0.4466 0.4240 0.5048 0.4847 0.4568 0.3990 
avg train acc: 0.5772 avg test acc: 0.4543 min train acc: 0.4114(17) min test acc: 0.3780(19)
Attack result:(0.5116666666666667, 0.5137254901960784, 0.43666666666666665) (131, 124, 176, 169)
iter 250:
0.4184 0.7029 0.5632 0.6347 0.5724 0.5119 0.6244 0.6821 0.6635 0.6241 0.5525 0.6703 0.6413 0.6847 0.6965 0.5252 0.5639 0.4834 0.6477 0.4364 0.6309 0.5549 0.6027 0.5674 0.5468 0.5239 0.7409 0.6905 0.6540 0.5829 
0.3964 0.5099 0.5132 0.5176 0.4710 0.4618 0.4810 0.5245 0.4760 0.5046 0.4712 0.5086 0.5154 0.5034 0.5010 0.3926 0.4738 0.4494 0.4921 0.3873 0.4488 0.4308 0.5232 0.4047 0.4506 0.4278 0.5277 0.5040 0.4867 0.4254 
avg train acc: 0.5998 avg test acc: 0.4727 min train acc: 0.4184(0) min test acc: 0.3873(19)
Attack result:(0.5, 0.5, 0.39) (117, 117, 183, 183)
iter 275:
0.4336 0.7093 0.6328 0.6864 0.5806 0.5819 0.5686 0.6903 0.6826 0.6419 0.5878 0.6542 0.6153 0.6702 0.7088 0.4901 0.6481 0.4865 0.6611 0.4930 0.6396 0.5624 0.6213 0.6059 0.5899 0.5809 0.7286 0.6846 0.6830 0.5523 
0.4133 0.5240 0.5295 0.5446 0.4830 0.5098 0.4884 0.5263 0.4924 0.5276 0.4988 0.4943 0.5017 0.5224 0.5355 0.4355 0.4862 0.4797 0.5368 0.4496 0.4841 0.4528 0.5455 0.4243 0.4807 0.4505 0.5457 0.5310 0.5061 0.4546 
avg train acc: 0.6157 avg test acc: 0.4952 min train acc: 0.4336(0) min test acc: 0.4133(0)
Attack result:(0.52, 0.525, 0.42) (126, 114, 186, 174)
iter 300:
0.4846 0.7359 0.6396 0.6723 0.6206 0.6125 0.6729 0.7091 0.6519 0.6895 0.5801 0.7035 0.6826 0.6631 0.7057 0.4952 0.6500 0.5297 0.6342 0.4429 0.6283 0.6104 0.6666 0.6383 0.6075 0.5545 0.7604 0.6445 0.7131 0.4909 
0.4642 0.5416 0.5427 0.5539 0.4875 0.5073 0.5242 0.5490 0.5202 0.5210 0.5305 0.5533 0.5488 0.5226 0.5407 0.4472 0.4570 0.4699 0.5303 0.4561 0.4919 0.4775 0.5460 0.4473 0.5024 0.4606 0.5697 0.5510 0.5192 0.4754 
avg train acc: 0.6297 avg test acc: 0.5103 min train acc: 0.4429(19) min test acc: 0.4472(15)
Attack result:(0.5133333333333333, 0.5147058823529411, 0.4666666666666667) (140, 132, 168, 160)
iter 325:
0.5243 0.7398 0.6152 0.6753 0.6239 0.6545 0.7129 0.7109 0.6792 0.6664 0.5901 0.6736 0.6937 0.6633 0.6825 0.4762 0.6017 0.5728 0.6652 0.6113 0.6665 0.5749 0.6775 0.6447 0.6583 0.6005 0.7617 0.6602 0.7045 0.5309 
0.5025 0.5516 0.5471 0.5756 0.5060 0.5568 0.5593 0.5570 0.5095 0.5421 0.5125 0.5686 0.5530 0.5165 0.5597 0.4387 0.4809 0.4269 0.5711 0.5261 0.5215 0.4706 0.5494 0.4379 0.5241 0.4828 0.5721 0.5487 0.5248 0.4935 
avg train acc: 0.6437 avg test acc: 0.5229 min train acc: 0.4762(15) min test acc: 0.4269(17)
Attack result:(0.5216666666666666, 0.5223367697594502, 0.5066666666666667) (152, 139, 161, 148)
iter 350:
0.5487 0.7241 0.6051 0.7179 0.6463 0.5948 0.6989 0.7185 0.6843 0.7104 0.5787 0.6514 0.6678 0.6581 0.6537 0.4552 0.6194 0.5426 0.7075 0.6512 0.6912 0.5831 0.6736 0.6427 0.6099 0.6024 0.7635 0.6543 0.7296 0.5534 
0.5313 0.5252 0.5070 0.5870 0.5340 0.5394 0.5471 0.5492 0.5489 0.5531 0.4980 0.5506 0.5545 0.5079 0.5546 0.4560 0.4726 0.4218 0.5743 0.5475 0.5154 0.4865 0.5667 0.4604 0.5117 0.4843 0.5709 0.5493 0.5353 0.4925 
avg train acc: 0.6446 avg test acc: 0.5244 min train acc: 0.4552(15) min test acc: 0.4218(17)
Attack result:(0.49666666666666665, 0.4967532467532468, 0.51) (153, 155, 145, 147)
iter 375:
0.5706 0.7442 0.6322 0.7094 0.6463 0.6324 0.6672 0.7289 0.7595 0.7115 0.5110 0.7054 0.6826 0.6269 0.6164 0.4206 0.6578 0.5384 0.7088 0.6485 0.6940 0.5920 0.6982 0.6398 0.6600 0.5843 0.7573 0.7129 0.7052 0.4761 
0.5361 0.5695 0.5230 0.5999 0.5607 0.5532 0.5400 0.5924 0.5669 0.5889 0.5074 0.6008 0.5759 0.5091 0.5667 0.4194 0.4858 0.3862 0.5842 0.5591 0.5235 0.5148 0.5883 0.4919 0.5296 0.4741 0.5759 0.5465 0.5471 0.4440 
avg train acc: 0.6479 avg test acc: 0.5353 min train acc: 0.4206(15) min test acc: 0.3862(17)
Attack result:(0.5033333333333333, 0.5032467532467533, 0.5166666666666667) (155, 153, 147, 145)
iter 400:
0.5533 0.7475 0.6782 0.6872 0.6547 0.6805 0.7002 0.7405 0.7393 0.7221 0.5276 0.7293 0.7267 0.6092 0.6639 0.4540 0.6606 0.5176 0.7281 0.6321 0.6834 0.6126 0.6896 0.6173 0.6216 0.5887 0.7734 0.7048 0.7018 0.5321 
0.5393 0.5909 0.5452 0.5992 0.5216 0.5697 0.5568 0.5919 0.5612 0.5745 0.5048 0.6020 0.5870 0.5276 0.5683 0.4385 0.5060 0.3706 0.5670 0.5436 0.5517 0.5190 0.5934 0.4813 0.5501 0.4905 0.5950 0.5530 0.5621 0.4321 
avg train acc: 0.6559 avg test acc: 0.5398 min train acc: 0.4540(15) min test acc: 0.3706(17)
Attack result:(0.47833333333333333, 0.47796610169491527, 0.47) (141, 154, 146, 159)
iter 410:
0.5628 0.7355 0.6285 0.7045 0.6705 0.7042 0.6806 0.7275 0.7197 0.7131 0.5362 0.7066 0.7326 0.6549 0.6584 0.4623 0.6460 0.5292 0.7370 0.6748 0.6768 0.5761 0.7095 0.5940 0.6667 0.6034 0.7664 0.7008 0.6982 0.5709 
0.5532 0.5658 0.5256 0.5970 0.5626 0.5718 0.5195 0.5831 0.5640 0.5737 0.5194 0.5908 0.5645 0.5245 0.5641 0.4335 0.5100 0.3745 0.5759 0.5708 0.5536 0.5043 0.5876 0.4895 0.5809 0.5139 0.6060 0.5636 0.5633 0.4324 
avg train acc: 0.6583 avg test acc: 0.5413 min train acc: 0.4623(15) min test acc: 0.3745(17)
Attack result:(0.48833333333333334, 0.48909657320872274, 0.5233333333333333) (157, 164, 136, 143)
iter 420:
0.5833 0.7497 0.6517 0.7412 0.6711 0.6925 0.6875 0.7499 0.6957 0.7152 0.5396 0.7325 0.7055 0.6228 0.6973 0.4706 0.5924 0.5214 0.7278 0.6533 0.6930 0.6191 0.6975 0.6305 0.7039 0.5718 0.7956 0.7033 0.6996 0.5692 
0.5700 0.5833 0.5285 0.6007 0.5405 0.5777 0.5586 0.5985 0.5713 0.5683 0.5238 0.6035 0.5990 0.5160 0.5651 0.4246 0.5274 0.3641 0.5985 0.5752 0.5672 0.5170 0.5881 0.4818 0.5715 0.5207 0.5853 0.5600 0.5523 0.4462 
avg train acc: 0.6628 avg test acc: 0.5461 min train acc: 0.4706(15) min test acc: 0.3641(17)
Attack result:(0.49333333333333335, 0.49363057324840764, 0.5166666666666667) (155, 159, 141, 145)
iter 430:
0.5887 0.7601 0.6363 0.6915 0.6697 0.6487 0.7303 0.7471 0.7436 0.7202 0.5134 0.7161 0.6664 0.6551 0.7130 0.4869 0.6393 0.5241 0.7094 0.6401 0.7295 0.6739 0.6966 0.6655 0.6468 0.5765 0.7857 0.7383 0.7367 0.5626 
0.5711 0.5880 0.5186 0.5997 0.5528 0.5574 0.5818 0.5941 0.5953 0.5954 0.5049 0.6172 0.5891 0.5520 0.5789 0.4434 0.5199 0.3894 0.6018 0.5822 0.5613 0.5329 0.6098 0.5124 0.5518 0.5023 0.5962 0.5583 0.5619 0.4567 
avg train acc: 0.6671 avg test acc: 0.5526 min train acc: 0.4869(15) min test acc: 0.3894(17)
Attack result:(0.49, 0.49096385542168675, 0.5433333333333333) (163, 169, 131, 137)
iter 440:
0.5989 0.7615 0.6621 0.6864 0.6625 0.6462 0.7126 0.7389 0.7419 0.7401 0.4572 0.7024 0.6794 0.7018 0.7175 0.5038 0.6675 0.5590 0.7389 0.6727 0.7172 0.6542 0.6997 0.5605 0.6773 0.5927 0.7865 0.7270 0.7438 0.5494 
0.5763 0.5958 0.5430 0.6074 0.5514 0.5574 0.5695 0.5802 0.5814 0.5775 0.5171 0.6055 0.5846 0.5334 0.5723 0.4440 0.5366 0.3828 0.5809 0.5683 0.5602 0.5071 0.5910 0.5027 0.5809 0.5278 0.6078 0.5713 0.5791 0.4458 
avg train acc: 0.6687 avg test acc: 0.5513 min train acc: 0.4572(10) min test acc: 0.3828(17)
Attack result:(0.49166666666666664, 0.49262536873156343, 0.5566666666666666) (167, 172, 128, 133)
iter 450:
0.5830 0.7424 0.7093 0.7151 0.6898 0.6763 0.6628 0.7366 0.7384 0.7046 0.5633 0.6917 0.7107 0.6430 0.7264 0.5145 0.6880 0.5679 0.7241 0.6342 0.6879 0.6761 0.6810 0.5883 0.6707 0.5425 0.7951 0.7121 0.6932 0.5536 
0.5680 0.5913 0.5524 0.6072 0.5412 0.5609 0.5522 0.5804 0.5721 0.5898 0.5003 0.5791 0.5951 0.5383 0.5703 0.4454 0.5377 0.4032 0.5959 0.5515 0.5353 0.5379 0.6001 0.5197 0.5631 0.4987 0.6029 0.5657 0.5591 0.4607 
avg train acc: 0.6674 avg test acc: 0.5492 min train acc: 0.5145(15) min test acc: 0.4032(17)
Attack result:(0.49833333333333335, 0.49846153846153846, 0.54) (162, 163, 137, 138)
iter 460:
0.6123 0.7415 0.6674 0.7286 0.6026 0.6717 0.7353 0.7337 0.7506 0.7283 0.5161 0.7582 0.7092 0.6518 0.7617 0.5306 0.6643 0.5290 0.7310 0.6329 0.7005 0.6510 0.7460 0.5562 0.6939 0.5392 0.7784 0.7330 0.7371 0.5736 
0.5919 0.6079 0.5264 0.6091 0.5538 0.5626 0.5956 0.5916 0.5830 0.5811 0.5176 0.6012 0.5952 0.5382 0.5787 0.4499 0.5305 0.3865 0.6189 0.5858 0.5539 0.5081 0.6138 0.5090 0.5811 0.4997 0.6049 0.5705 0.5515 0.4690 
avg train acc: 0.6722 avg test acc: 0.5556 min train acc: 0.5161(10) min test acc: 0.3865(17)
Attack result:(0.49833333333333335, 0.49851632047477745, 0.56) (168, 169, 131, 132)
iter 470:
0.6050 0.7589 0.6640 0.7414 0.6293 0.6627 0.7242 0.7365 0.7344 0.7405 0.5491 0.7252 0.7190 0.6239 0.6915 0.5470 0.6159 0.5779 0.7285 0.7115 0.6576 0.6423 0.7293 0.5748 0.6948 0.5553 0.7625 0.7161 0.7262 0.5677 
0.5878 0.6036 0.5312 0.6152 0.5609 0.5689 0.5826 0.5861 0.5845 0.5761 0.5389 0.6178 0.6112 0.5119 0.5647 0.4799 0.5115 0.4329 0.6015 0.5909 0.5611 0.5088 0.6140 0.4908 0.5652 0.4921 0.5995 0.5586 0.5604 0.4656 
avg train acc: 0.6704 avg test acc: 0.5558 min train acc: 0.5470(15) min test acc: 0.4329(17)
Attack result:(0.49833333333333335, 0.4985507246376812, 0.5733333333333334) (172, 173, 127, 128)
iter 480:
0.6201 0.7612 0.6843 0.6933 0.6578 0.6240 0.7113 0.7444 0.7294 0.7244 0.5574 0.7405 0.7261 0.6105 0.6773 0.5782 0.6303 0.6006 0.7458 0.6118 0.6367 0.6291 0.7292 0.4754 0.6781 0.5129 0.7792 0.6912 0.7258 0.6010 
0.5946 0.5903 0.5345 0.6286 0.5517 0.5486 0.5748 0.5961 0.5830 0.5700 0.5521 0.6284 0.5984 0.5212 0.5574 0.4953 0.5234 0.4519 0.6105 0.5701 0.5514 0.4938 0.6089 0.5020 0.5486 0.4761 0.5984 0.5731 0.5557 0.4852 
avg train acc: 0.6629 avg test acc: 0.5558 min train acc: 0.4754(23) min test acc: 0.4519(17)
Attack result:(0.49833333333333335, 0.49859154929577465, 0.59) (177, 178, 122, 123)
iter 490:
0.6005 0.7646 0.6885 0.7324 0.5971 0.6467 0.7455 0.7424 0.7510 0.7261 0.5184 0.7382 0.6665 0.6036 0.7299 0.5453 0.6197 0.5842 0.7570 0.6881 0.6865 0.6166 0.7124 0.4443 0.6829 0.5384 0.7956 0.7593 0.7114 0.5844 
0.5896 0.5913 0.5253 0.6081 0.5555 0.5509 0.5961 0.6139 0.5811 0.5904 0.5235 0.6014 0.6045 0.5239 0.5461 0.4791 0.5111 0.4388 0.6161 0.5796 0.5504 0.4845 0.6039 0.4562 0.5606 0.4872 0.6131 0.5829 0.5240 0.4871 
avg train acc: 0.6659 avg test acc: 0.5525 min train acc: 0.4443(23) min test acc: 0.4388(17)
Attack result:(0.495, 0.49577464788732395, 0.5866666666666667) (176, 179, 121, 124)
iter 500:
0.5905 0.7507 0.6949 0.7503 0.6356 0.6497 0.7160 0.7534 0.7327 0.6960 0.5350 0.7609 0.6746 0.6250 0.6966 0.5743 0.6144 0.6058 0.7365 0.6800 0.6584 0.5566 0.6944 0.5191 0.6538 0.5051 0.7622 0.7537 0.7082 0.5729 
0.5738 0.5909 0.5125 0.6152 0.5434 0.5307 0.5898 0.6114 0.5670 0.5865 0.5478 0.6030 0.5951 0.5160 0.5756 0.5137 0.5090 0.4753 0.6119 0.5659 0.5345 0.4494 0.6128 0.4588 0.5382 0.4482 0.5992 0.5786 0.5346 0.4881 
avg train acc: 0.6619 avg test acc: 0.5492 min train acc: 0.5051(25) min test acc: 0.4482(25)
Attack result:(0.5116666666666667, 0.5102040816326531, 0.5833333333333334) (175, 168, 132, 125)
iter 525:
0.5929 0.7699 0.6819 0.7119 0.6071 0.6313 0.7500 0.7531 0.7260 0.7345 0.5251 0.7432 0.6552 0.6233 0.7049 0.6192 0.6593 0.6319 0.7362 0.6696 0.6561 0.5291 0.7322 0.4625 0.6906 0.4560 0.7935 0.7499 0.6984 0.5965 
0.5716 0.6001 0.5317 0.6224 0.5279 0.5383 0.6123 0.6174 0.5761 0.5769 0.5566 0.6159 0.5965 0.4974 0.5628 0.5406 0.5050 0.5088 0.6199 0.5493 0.5423 0.4418 0.5967 0.4281 0.5541 0.4534 0.6127 0.6040 0.5224 0.5313 
avg train acc: 0.6630 avg test acc: 0.5538 min train acc: 0.4560(25) min test acc: 0.4281(23)
Attack result:(0.5116666666666667, 0.5103857566765578, 0.5733333333333334) (172, 165, 135, 128)
iter 550:
0.5592 0.7575 0.6925 0.6923 0.6367 0.6038 0.7586 0.7440 0.7158 0.7307 0.6154 0.6840 0.7041 0.6430 0.7398 0.6680 0.6681 0.6609 0.7532 0.6709 0.6973 0.5525 0.7280 0.5369 0.6607 0.5380 0.7875 0.7648 0.7270 0.6911 
0.5420 0.5873 0.5420 0.6356 0.5241 0.5314 0.6136 0.6050 0.5867 0.6076 0.5732 0.5986 0.5964 0.5413 0.5871 0.5757 0.5436 0.5694 0.6131 0.5547 0.5680 0.4394 0.6037 0.4682 0.5599 0.4517 0.6158 0.6045 0.5627 0.5814 
avg train acc: 0.6794 avg test acc: 0.5661 min train acc: 0.5369(23) min test acc: 0.4394(21)
Attack result:(0.515, 0.5148514851485149, 0.52) (156, 147, 153, 144)
iter 575:
0.5264 0.7652 0.7168 0.7536 0.6596 0.6282 0.7267 0.7493 0.7239 0.7317 0.6336 0.7264 0.7176 0.7106 0.7697 0.6448 0.6727 0.6663 0.7166 0.6047 0.6819 0.5266 0.7129 0.5794 0.6603 0.5749 0.7951 0.7411 0.7268 0.6978 
0.5015 0.5959 0.5646 0.6380 0.5167 0.5355 0.6137 0.6015 0.5775 0.5780 0.5815 0.6075 0.5862 0.5823 0.6074 0.5452 0.5785 0.5463 0.6185 0.5085 0.5444 0.4963 0.6043 0.4734 0.5426 0.4649 0.6172 0.6088 0.5692 0.5930 
avg train acc: 0.6847 avg test acc: 0.5666 min train acc: 0.5264(0) min test acc: 0.4649(25)
Attack result:(0.52, 0.5204081632653061, 0.51) (153, 141, 159, 147)
iter 600:
0.5089 0.7829 0.6909 0.7255 0.6238 0.6532 0.7266 0.7633 0.6574 0.7221 0.6755 0.7109 0.7067 0.7526 0.7590 0.6104 0.7532 0.6334 0.7289 0.5410 0.6780 0.5809 0.7123 0.5462 0.6565 0.5580 0.7935 0.7376 0.7303 0.6721 
0.4828 0.6272 0.5967 0.6266 0.4641 0.5691 0.5844 0.6195 0.5341 0.5509 0.6000 0.6000 0.6002 0.5956 0.6184 0.4993 0.6002 0.5534 0.6159 0.4896 0.5541 0.4818 0.6122 0.4934 0.5391 0.4809 0.6221 0.6128 0.5956 0.5955 
avg train acc: 0.6797 avg test acc: 0.5672 min train acc: 0.5089(0) min test acc: 0.4641(4)
Attack result:(0.5166666666666667, 0.5176056338028169, 0.49) (147, 137, 163, 153)
iter 625:
0.4985 0.7860 0.7451 0.7288 0.6805 0.6700 0.6772 0.7653 0.7360 0.7309 0.6843 0.7618 0.7137 0.7511 0.7729 0.5943 0.7741 0.6365 0.7550 0.5440 0.6955 0.6124 0.7048 0.6436 0.6659 0.6184 0.7794 0.7746 0.7552 0.6523 
0.4663 0.6134 0.6284 0.6409 0.5356 0.5486 0.5748 0.6263 0.5594 0.5984 0.6209 0.6050 0.6086 0.6286 0.6364 0.4801 0.6210 0.5447 0.6141 0.5031 0.5775 0.5166 0.6113 0.5238 0.5637 0.5242 0.6266 0.6137 0.6166 0.5640 
avg train acc: 0.6969 avg test acc: 0.5798 min train acc: 0.4985(0) min test acc: 0.4663(0)
Attack result:(0.51, 0.5106382978723404, 0.48) (144, 138, 162, 156)
iter 650:
0.5262 0.7910 0.7670 0.7499 0.7125 0.6322 0.6831 0.7894 0.7065 0.7413 0.6821 0.7575 0.7433 0.7835 0.8061 0.5963 0.7304 0.6510 0.7393 0.6000 0.7282 0.6356 0.7057 0.6779 0.7016 0.6475 0.8066 0.7525 0.7698 0.6320 
0.4978 0.6122 0.6275 0.6466 0.5860 0.5506 0.5779 0.6421 0.5955 0.6203 0.6482 0.6357 0.6490 0.6197 0.6294 0.4790 0.6105 0.5107 0.6187 0.5150 0.5940 0.5220 0.6043 0.5563 0.5859 0.5761 0.6338 0.6130 0.6121 0.5687 
avg train acc: 0.7082 avg test acc: 0.5913 min train acc: 0.5262(0) min test acc: 0.4790(15)
Attack result:(0.5266666666666666, 0.527027027027027, 0.52) (156, 140, 160, 144)
iter 675:
0.5260 0.7793 0.7688 0.7341 0.7240 0.6397 0.6935 0.7628 0.7608 0.7670 0.7168 0.6594 0.7049 0.7547 0.7609 0.6680 0.7484 0.6743 0.7334 0.5734 0.7322 0.6748 0.7553 0.6789 0.7105 0.6823 0.8042 0.7858 0.7976 0.6347 
0.4993 0.6272 0.6257 0.6463 0.5960 0.5598 0.5500 0.6267 0.6075 0.6318 0.6266 0.6021 0.6204 0.5854 0.6100 0.5262 0.6147 0.5614 0.6310 0.5332 0.5978 0.5671 0.6329 0.5761 0.5799 0.5886 0.6460 0.6238 0.6192 0.5593 
avg train acc: 0.7135 avg test acc: 0.5957 min train acc: 0.5260(0) min test acc: 0.4993(0)
Attack result:(0.49833333333333335, 0.49825783972125437, 0.4766666666666667) (143, 144, 156, 157)
iter 700:
0.5552 0.7964 0.7373 0.7465 0.7145 0.6962 0.7230 0.7636 0.7371 0.7520 0.6774 0.7542 0.7515 0.7799 0.8049 0.6077 0.6773 0.6166 0.7699 0.6084 0.7591 0.6156 0.7200 0.6999 0.6622 0.6779 0.8227 0.7598 0.7914 0.6465 
0.5309 0.6273 0.6335 0.6403 0.5936 0.5818 0.5955 0.6364 0.5939 0.6070 0.6287 0.6076 0.6411 0.6256 0.6189 0.4982 0.6220 0.5277 0.6306 0.5560 0.6086 0.5496 0.6213 0.5541 0.5932 0.6024 0.6421 0.6119 0.6191 0.5811 
avg train acc: 0.7142 avg test acc: 0.5993 min train acc: 0.5552(0) min test acc: 0.4982(15)
Attack result:(0.495, 0.49517684887459806, 0.5133333333333333) (154, 157, 143, 146)
iter 725:
0.5619 0.7941 0.7453 0.7648 0.7012 0.6661 0.7206 0.7655 0.7350 0.7336 0.6897 0.7681 0.7200 0.7530 0.7783 0.6126 0.7449 0.6260 0.7525 0.5500 0.7402 0.6272 0.7297 0.6886 0.7124 0.6698 0.7972 0.7626 0.7880 0.6256 
0.5318 0.6239 0.6207 0.6324 0.6012 0.5818 0.6033 0.6208 0.6170 0.6134 0.6469 0.6134 0.6255 0.6088 0.6016 0.5161 0.6224 0.5296 0.6211 0.5486 0.5851 0.5776 0.6379 0.5587 0.5826 0.6030 0.6436 0.6290 0.6298 0.5774 
avg train acc: 0.7108 avg test acc: 0.6002 min train acc: 0.5500(19) min test acc: 0.5161(15)
Attack result:(0.5083333333333333, 0.5079365079365079, 0.5333333333333333) (160, 155, 145, 140)
iter 750:
0.5420 0.7884 0.7326 0.7524 0.6901 0.7239 0.7399 0.7659 0.7533 0.7791 0.6993 0.7335 0.7632 0.7835 0.8049 0.6278 0.7286 0.5801 0.7423 0.5350 0.7373 0.6805 0.7338 0.6846 0.6870 0.6814 0.8178 0.7455 0.7779 0.6047 
0.5236 0.6210 0.6189 0.6351 0.5906 0.6070 0.5846 0.6100 0.6163 0.6178 0.6303 0.6283 0.6159 0.6343 0.6555 0.5083 0.6006 0.5643 0.6333 0.5526 0.5949 0.5814 0.6238 0.5441 0.5961 0.5785 0.6471 0.6369 0.6196 0.5762 
avg train acc: 0.7139 avg test acc: 0.6016 min train acc: 0.5350(19) min test acc: 0.5083(15)
Attack result:(0.48833333333333334, 0.4887459807073955, 0.5066666666666667) (152, 159, 141, 148)
iter 775:
0.5540 0.7833 0.6781 0.7294 0.6921 0.7162 0.7712 0.7661 0.7329 0.7387 0.6947 0.7694 0.7501 0.7615 0.8185 0.6197 0.6973 0.6350 0.7646 0.6381 0.7411 0.6377 0.7346 0.7082 0.7268 0.6682 0.8190 0.7261 0.7602 0.6349 
0.5430 0.6266 0.6009 0.6467 0.5995 0.6128 0.6166 0.6234 0.6195 0.6342 0.6403 0.6332 0.6508 0.5972 0.6430 0.5250 0.5936 0.5483 0.6505 0.5960 0.6024 0.5558 0.6083 0.5156 0.6233 0.5654 0.6436 0.6179 0.5976 0.5829 
avg train acc: 0.7156 avg test acc: 0.6038 min train acc: 0.5540(0) min test acc: 0.5156(23)
Attack result:(0.4866666666666667, 0.4880239520958084, 0.5433333333333333) (163, 171, 129, 137)
iter 800:
0.5529 0.7879 0.7603 0.7310 0.7230 0.6873 0.7435 0.7903 0.7766 0.7764 0.7351 0.7240 0.7513 0.7746 0.7938 0.6434 0.7299 0.6812 0.7711 0.6727 0.7441 0.6737 0.7149 0.7057 0.6997 0.7158 0.8263 0.7943 0.7494 0.6862 
0.5438 0.6229 0.6243 0.6580 0.6164 0.6109 0.6092 0.6436 0.6124 0.6258 0.6402 0.6442 0.6375 0.5851 0.6538 0.5410 0.6110 0.5629 0.6463 0.6038 0.6211 0.5558 0.6236 0.5280 0.6074 0.5530 0.6441 0.6222 0.5807 0.5825 
avg train acc: 0.7306 avg test acc: 0.6070 min train acc: 0.5529(0) min test acc: 0.5280(23)
Attack result:(0.49833333333333335, 0.4984709480122324, 0.5433333333333333) (163, 164, 136, 137)
***** Best Attack Result ********
{
    "iter": 650,
    "attack_metric": [
        0.5266666666666666,
        0.527027027027027,
        0.52
    ],
    "pred_distribution": [
        156,
        140,
        160,
        144
    ]
}
