************* DL Setting *************
   Seed = 3407
   Setting = s6
   Graph = er30
   Number of Attacker = 1
   Sample per user/ Num of Cover = 4166
   Num of member/non-member = 500
   Normal User Batch size = 128
   Attacker Batch size = 256
   Attack = norm
   Defense = median
   data distribution = iid
   Init LR = 0.01
   LR Decay = [800]
   Max Iter = 800
   Normal Train Iter = 200
**************************************
iter 25:
0.1942 0.1999 0.2480 0.1469 0.1729 0.1991 0.2210 0.2198 0.2003 0.1715 0.2001 0.1934 0.2168 0.2250 0.2323 0.1944 0.2376 0.2161 0.2028 0.0998 0.2165 0.2082 0.1375 0.2151 0.1098 0.2430 0.2459 0.1705 0.2207 0.2348 
0.1801 0.2031 0.2311 0.1501 0.1739 0.1910 0.2149 0.2135 0.1924 0.1720 0.1880 0.1945 0.2023 0.2160 0.2205 0.1916 0.2294 0.2126 0.2046 0.0976 0.2255 0.2087 0.1390 0.2003 0.1098 0.2268 0.2352 0.1562 0.2153 0.2231 
avg train acc: 0.1998 avg test acc: 0.1940 min train acc: 0.0998(19) min test acc: 0.0976(19)
Attack result:(0.504, 0.5119047619047619, 0.172) (86, 82, 418, 414)
iter 50:
0.3487 0.2989 0.3835 0.1748 0.1795 0.3763 0.2746 0.3959 0.2740 0.1597 0.2823 0.2756 0.2930 0.3629 0.3580 0.2033 0.3667 0.3496 0.2733 0.1542 0.3776 0.2916 0.1584 0.3490 0.1485 0.2453 0.3842 0.2728 0.3885 0.3825 
0.3358 0.2970 0.3702 0.1772 0.1801 0.3777 0.2764 0.3809 0.2736 0.1587 0.2738 0.2757 0.2893 0.3552 0.3446 0.2088 0.3629 0.3536 0.2740 0.1559 0.3762 0.2895 0.1629 0.3512 0.1438 0.2441 0.3751 0.2656 0.3757 0.3725 
avg train acc: 0.2928 avg test acc: 0.2893 min train acc: 0.1485(24) min test acc: 0.1438(24)
Attack result:(0.53, 0.5426136363636364, 0.382) (191, 161, 339, 309)
iter 75:
0.4156 0.3962 0.4751 0.2442 0.2519 0.4499 0.3566 0.4816 0.2984 0.2172 0.2995 0.3849 0.3601 0.4620 0.4386 0.2911 0.4579 0.4263 0.3591 0.1718 0.4606 0.2942 0.2145 0.3981 0.1735 0.3600 0.4722 0.2855 0.4597 0.4413 
0.4028 0.4008 0.4590 0.2495 0.2521 0.4515 0.3599 0.4575 0.2927 0.2237 0.2898 0.3828 0.3448 0.4499 0.4307 0.2907 0.4484 0.4177 0.3608 0.1810 0.4467 0.2934 0.2114 0.3949 0.1750 0.3520 0.4617 0.2829 0.4521 0.4401 
avg train acc: 0.3599 avg test acc: 0.3552 min train acc: 0.1718(19) min test acc: 0.1750(24)
Attack result:(0.506, 0.5072815533980582, 0.418) (209, 203, 297, 291)
iter 100:
0.4594 0.4700 0.4901 0.2792 0.2523 0.4783 0.3468 0.5250 0.3159 0.2446 0.2882 0.4606 0.3880 0.5023 0.4246 0.3307 0.4942 0.4250 0.3770 0.1808 0.4360 0.2880 0.2222 0.4046 0.1904 0.4047 0.5071 0.2855 0.4910 0.4953 
0.4465 0.4648 0.4710 0.2883 0.2503 0.4781 0.3425 0.4946 0.3087 0.2463 0.2799 0.4581 0.3743 0.4865 0.4255 0.3419 0.4920 0.4207 0.3790 0.1879 0.4366 0.2858 0.2202 0.3981 0.1876 0.4068 0.4858 0.2810 0.4846 0.4912 
avg train acc: 0.3819 avg test acc: 0.3772 min train acc: 0.1808(19) min test acc: 0.1876(24)
Attack result:(0.508, 0.5093457943925234, 0.436) (218, 210, 290, 282)
iter 125:
0.4982 0.4896 0.5122 0.3112 0.2955 0.5054 0.3651 0.5505 0.3367 0.2666 0.3412 0.5065 0.4611 0.5161 0.4608 0.3763 0.5444 0.4396 0.3853 0.2293 0.4783 0.3646 0.2722 0.4276 0.2282 0.4719 0.5563 0.4004 0.4847 0.5494 
0.4845 0.4875 0.5056 0.3202 0.3006 0.4965 0.3593 0.5289 0.3289 0.2725 0.3342 0.5074 0.4366 0.5024 0.4602 0.3832 0.5322 0.4345 0.3911 0.2325 0.4721 0.3576 0.2703 0.4175 0.2230 0.4683 0.5370 0.3872 0.4913 0.5384 
avg train acc: 0.4208 avg test acc: 0.4154 min train acc: 0.2282(24) min test acc: 0.2230(24)
Attack result:(0.493, 0.49272349272349275, 0.474) (237, 244, 256, 263)
iter 150:
0.5238 0.5204 0.5494 0.3408 0.3456 0.5282 0.4006 0.6035 0.3752 0.3125 0.3758 0.5044 0.4741 0.5477 0.5182 0.3768 0.5693 0.4776 0.4253 0.2504 0.5193 0.4048 0.2821 0.4433 0.2391 0.5045 0.5825 0.4570 0.5394 0.5925 
0.5032 0.5164 0.5426 0.3581 0.3479 0.5179 0.4073 0.5615 0.3663 0.3102 0.3690 0.5108 0.4584 0.5276 0.5064 0.3852 0.5546 0.4749 0.4322 0.2550 0.5151 0.4002 0.2791 0.4393 0.2334 0.5103 0.5703 0.4554 0.5434 0.5682 
avg train acc: 0.4528 avg test acc: 0.4473 min train acc: 0.2391(24) min test acc: 0.2334(24)
Attack result:(0.514, 0.5140562248995983, 0.512) (256, 242, 258, 244)
iter 175:
0.5451 0.5499 0.5688 0.3774 0.3786 0.5521 0.4483 0.6223 0.3985 0.3492 0.3836 0.5363 0.5016 0.5557 0.5586 0.4038 0.5893 0.5125 0.4530 0.2725 0.5533 0.4323 0.3205 0.5035 0.2620 0.5404 0.6232 0.4990 0.5771 0.6180 
0.5313 0.5486 0.5593 0.3857 0.3835 0.5381 0.4434 0.5861 0.3874 0.3478 0.3728 0.5384 0.4868 0.5388 0.5550 0.4197 0.5813 0.5083 0.4591 0.2782 0.5423 0.4224 0.3176 0.4923 0.2641 0.5514 0.5925 0.4935 0.5780 0.5825 
avg train acc: 0.4829 avg test acc: 0.4762 min train acc: 0.2620(24) min test acc: 0.2641(24)
Attack result:(0.503, 0.5029126213592233, 0.518) (259, 256, 244, 241)
iter 200:
0.5354 0.5857 0.5846 0.4435 0.4355 0.5445 0.4943 0.6422 0.4406 0.3940 0.4283 0.5609 0.5130 0.5980 0.5799 0.4405 0.6160 0.5375 0.5055 0.2694 0.5927 0.4519 0.3300 0.5103 0.2679 0.5846 0.6332 0.5122 0.5924 0.6308 
0.5227 0.5834 0.5759 0.4491 0.4401 0.5385 0.4904 0.6048 0.4172 0.3855 0.4093 0.5658 0.5046 0.5819 0.5698 0.4507 0.6109 0.5343 0.4975 0.2728 0.5849 0.4406 0.3281 0.5098 0.2657 0.5888 0.5992 0.5054 0.5908 0.6020 
avg train acc: 0.5085 avg test acc: 0.5007 min train acc: 0.2679(24) min test acc: 0.2657(24)
Attack result:(0.501, 0.500990099009901, 0.506) (253, 252, 248, 247)
iter 225:
0.5706 0.5662 0.5767 0.4077 0.4418 0.5442 0.4698 0.6763 0.4866 0.3938 0.4383 0.5510 0.5286 0.5899 0.6223 0.4438 0.6230 0.5398 0.4879 0.2723 0.6171 0.4914 0.3431 0.5533 0.2785 0.6033 0.6419 0.5531 0.6123 0.6628 
0.5535 0.5590 0.5771 0.4251 0.4463 0.5283 0.4788 0.6238 0.4701 0.3852 0.4289 0.5643 0.5265 0.5749 0.6103 0.4631 0.6176 0.5380 0.4804 0.2709 0.6034 0.4825 0.3411 0.5430 0.2731 0.6038 0.6166 0.5467 0.6081 0.6203 
avg train acc: 0.5196 avg test acc: 0.5120 min train acc: 0.2723(19) min test acc: 0.2709(19)
Attack result:(0.501, 0.5009174311926605, 0.546) (273, 272, 228, 227)
iter 250:
0.5784 0.5334 0.5905 0.3935 0.4107 0.5436 0.4768 0.6706 0.5169 0.3689 0.4517 0.5013 0.5408 0.5889 0.6227 0.4079 0.6106 0.5671 0.4587 0.2808 0.6124 0.5113 0.3492 0.5737 0.2791 0.6032 0.6435 0.5558 0.6108 0.6629 
0.5566 0.5368 0.5839 0.4023 0.4124 0.5304 0.4815 0.6169 0.4947 0.3663 0.4450 0.5175 0.5327 0.5738 0.6067 0.4248 0.6056 0.5612 0.4590 0.2810 0.5996 0.4956 0.3551 0.5629 0.2780 0.6035 0.6239 0.5512 0.6089 0.6240 
avg train acc: 0.5172 avg test acc: 0.5097 min train acc: 0.2791(24) min test acc: 0.2780(24)
Attack result:(0.502, 0.5018656716417911, 0.538) (269, 267, 233, 231)
iter 275:
0.5860 0.5527 0.5941 0.4038 0.4149 0.5590 0.4576 0.6821 0.5080 0.3809 0.4493 0.5332 0.5674 0.5877 0.6207 0.4212 0.6300 0.5815 0.4543 0.2800 0.6133 0.5202 0.3509 0.5765 0.2867 0.6011 0.6625 0.5890 0.6109 0.6791 
0.5677 0.5468 0.5896 0.4127 0.4170 0.5475 0.4648 0.6293 0.4890 0.3776 0.4485 0.5450 0.5538 0.5725 0.6138 0.4347 0.6172 0.5761 0.4536 0.2809 0.6083 0.5034 0.3529 0.5684 0.2810 0.6030 0.6377 0.5694 0.6085 0.6351 
avg train acc: 0.5252 avg test acc: 0.5169 min train acc: 0.2800(19) min test acc: 0.2809(19)
Attack result:(0.497, 0.4972677595628415, 0.546) (273, 276, 224, 227)
iter 300:
0.5712 0.5690 0.5968 0.4313 0.4485 0.5595 0.4902 0.6979 0.4882 0.4025 0.4654 0.5684 0.5736 0.6092 0.6358 0.4356 0.6447 0.5864 0.4781 0.2808 0.6266 0.5083 0.3574 0.5738 0.2827 0.6297 0.6704 0.5643 0.6273 0.6952 
0.5614 0.5721 0.5900 0.4422 0.4478 0.5523 0.4887 0.6468 0.4760 0.3988 0.4608 0.5643 0.5623 0.5932 0.6257 0.4546 0.6371 0.5847 0.4853 0.2817 0.6125 0.4938 0.3613 0.5675 0.2863 0.6294 0.6440 0.5555 0.6223 0.6442 
avg train acc: 0.5356 avg test acc: 0.5281 min train acc: 0.2808(19) min test acc: 0.2817(19)
Attack result:(0.498, 0.4981684981684982, 0.544) (272, 274, 226, 228)
iter 325:
0.5799 0.6085 0.5935 0.4355 0.4742 0.5288 0.5148 0.6988 0.5055 0.4099 0.4590 0.5969 0.5402 0.6195 0.6560 0.4818 0.6706 0.5522 0.5174 0.3047 0.6297 0.4971 0.3612 0.5602 0.3082 0.6365 0.6705 0.5697 0.6378 0.6956 
0.5592 0.6102 0.5852 0.4439 0.4635 0.5271 0.5174 0.6466 0.4929 0.4067 0.4509 0.5936 0.5308 0.6140 0.6381 0.4992 0.6483 0.5481 0.5171 0.3085 0.6211 0.4930 0.3627 0.5427 0.3028 0.6244 0.6371 0.5561 0.6292 0.6446 
avg train acc: 0.5438 avg test acc: 0.5338 min train acc: 0.3047(19) min test acc: 0.3028(24)
Attack result:(0.507, 0.5064456721915286, 0.55) (275, 268, 232, 225)
iter 350:
0.6180 0.5825 0.6281 0.4290 0.4417 0.5988 0.5062 0.7209 0.5037 0.3932 0.4705 0.5603 0.5697 0.6361 0.6358 0.4525 0.6636 0.5844 0.4933 0.3241 0.6574 0.5247 0.3780 0.5819 0.3228 0.6328 0.6882 0.5665 0.6502 0.7096 
0.5950 0.5856 0.6212 0.4347 0.4333 0.5864 0.5097 0.6559 0.4915 0.3910 0.4698 0.5692 0.5604 0.6176 0.6239 0.4679 0.6527 0.5814 0.4968 0.3256 0.6422 0.5037 0.3776 0.5724 0.3194 0.6296 0.6643 0.5614 0.6368 0.6622 
avg train acc: 0.5508 avg test acc: 0.5413 min train acc: 0.3228(24) min test acc: 0.3194(24)
Attack result:(0.495, 0.4956217162872154, 0.566) (283, 288, 212, 217)
iter 375:
0.6310 0.6196 0.6445 0.4648 0.4720 0.6254 0.5166 0.7346 0.5221 0.4237 0.4848 0.6024 0.6053 0.6465 0.6359 0.4803 0.6751 0.6270 0.5167 0.3315 0.6774 0.5468 0.3972 0.6095 0.3389 0.6470 0.6980 0.6197 0.6469 0.7251 
0.6106 0.6120 0.6335 0.4681 0.4591 0.6152 0.5191 0.6620 0.5111 0.4199 0.4856 0.5987 0.5987 0.6285 0.6276 0.4986 0.6631 0.6195 0.5095 0.3370 0.6551 0.5348 0.4010 0.5975 0.3352 0.6365 0.6734 0.6054 0.6341 0.6684 
avg train acc: 0.5722 avg test acc: 0.5606 min train acc: 0.3315(19) min test acc: 0.3352(24)
Attack result:(0.499, 0.4991735537190083, 0.604) (302, 303, 197, 198)
iter 400:
0.6445 0.6388 0.6733 0.4880 0.4981 0.6522 0.5540 0.7385 0.5236 0.4481 0.5191 0.6236 0.6289 0.6556 0.6639 0.4991 0.6950 0.6307 0.5437 0.3352 0.6681 0.5620 0.4373 0.6141 0.3537 0.6717 0.7240 0.5918 0.6574 0.7394 
0.6287 0.6350 0.6570 0.4951 0.4932 0.6389 0.5439 0.6801 0.5103 0.4430 0.5086 0.6177 0.6162 0.6453 0.6532 0.5171 0.6746 0.6284 0.5447 0.3404 0.6530 0.5412 0.4368 0.6072 0.3537 0.6642 0.6837 0.5925 0.6543 0.6809 
avg train acc: 0.5891 avg test acc: 0.5780 min train acc: 0.3352(19) min test acc: 0.3404(19)
Attack result:(0.494, 0.49503311258278143, 0.598) (299, 305, 195, 201)
iter 410:
0.6450 0.6434 0.6661 0.5023 0.5097 0.6514 0.5689 0.7410 0.5300 0.4637 0.5020 0.6433 0.6125 0.6813 0.6787 0.5368 0.6982 0.6306 0.5718 0.3416 0.6735 0.5404 0.4274 0.6100 0.3642 0.6899 0.7106 0.5923 0.6768 0.7349 
0.6261 0.6438 0.6549 0.5126 0.5069 0.6366 0.5769 0.6776 0.5195 0.4557 0.5009 0.6309 0.6044 0.6636 0.6649 0.5544 0.6801 0.6246 0.5665 0.3486 0.6587 0.5275 0.4320 0.6026 0.3587 0.6693 0.6788 0.5829 0.6688 0.6752 
avg train acc: 0.5946 avg test acc: 0.5835 min train acc: 0.3416(19) min test acc: 0.3486(19)
Attack result:(0.483, 0.4862681744749596, 0.602) (301, 318, 182, 199)
iter 420:
0.6686 0.6366 0.6863 0.4876 0.4938 0.6739 0.5592 0.7385 0.5736 0.4513 0.5493 0.6361 0.6574 0.6916 0.6646 0.5358 0.7037 0.6406 0.5534 0.3538 0.6933 0.5995 0.4513 0.6282 0.3730 0.6736 0.7258 0.6182 0.6598 0.7452 
0.6523 0.6392 0.6707 0.4990 0.4919 0.6677 0.5582 0.6812 0.5609 0.4412 0.5487 0.6373 0.6373 0.6650 0.6564 0.5472 0.6860 0.6373 0.5520 0.3582 0.6778 0.5804 0.4563 0.6197 0.3724 0.6597 0.6899 0.6147 0.6540 0.6925 
avg train acc: 0.6041 avg test acc: 0.5935 min train acc: 0.3538(19) min test acc: 0.3582(19)
Attack result:(0.48, 0.48442367601246106, 0.622) (311, 331, 169, 189)
iter 430:
0.6592 0.6864 0.6865 0.5169 0.5120 0.6673 0.5839 0.7569 0.5344 0.4736 0.5234 0.6695 0.6369 0.7086 0.6567 0.5557 0.7137 0.6346 0.5914 0.3506 0.6788 0.5436 0.4376 0.6234 0.3736 0.6960 0.7181 0.5891 0.6869 0.7331 
0.6375 0.6803 0.6628 0.5187 0.5084 0.6514 0.5812 0.6886 0.5127 0.4574 0.5202 0.6699 0.6206 0.6849 0.6487 0.5719 0.6913 0.6281 0.5981 0.3584 0.6695 0.5331 0.4439 0.6152 0.3723 0.6752 0.6801 0.5794 0.6733 0.6769 
avg train acc: 0.6066 avg test acc: 0.5937 min train acc: 0.3506(19) min test acc: 0.3584(19)
Attack result:(0.484, 0.4873417721518987, 0.616) (308, 324, 176, 192)
iter 440:
0.6824 0.6622 0.7055 0.5162 0.5092 0.6976 0.5828 0.7630 0.5582 0.4855 0.5363 0.6494 0.6744 0.7104 0.6592 0.5602 0.7140 0.6738 0.5808 0.3772 0.7052 0.5913 0.4720 0.6627 0.4016 0.6788 0.7297 0.6248 0.6740 0.7508 
0.6664 0.6567 0.6852 0.5257 0.5094 0.6854 0.5835 0.6897 0.5513 0.4737 0.5326 0.6460 0.6613 0.6831 0.6539 0.5759 0.6923 0.6655 0.5746 0.3853 0.6909 0.5742 0.4784 0.6488 0.4002 0.6608 0.6971 0.6149 0.6631 0.6935 
avg train acc: 0.6196 avg test acc: 0.6073 min train acc: 0.3772(19) min test acc: 0.3853(19)
Attack result:(0.498, 0.4984709480122324, 0.652) (326, 328, 172, 174)
iter 450:
0.6859 0.6726 0.7027 0.5284 0.5303 0.6994 0.5964 0.7670 0.5797 0.4832 0.5604 0.6741 0.6459 0.7183 0.6811 0.5819 0.7261 0.6495 0.5818 0.3874 0.7055 0.5904 0.4762 0.6379 0.4064 0.7044 0.7469 0.6052 0.6947 0.7576 
0.6672 0.6707 0.6923 0.5463 0.5305 0.6871 0.6011 0.6980 0.5624 0.4713 0.5495 0.6722 0.6392 0.6981 0.6699 0.5990 0.7016 0.6415 0.5860 0.3969 0.6875 0.5682 0.4755 0.6304 0.4125 0.6900 0.7012 0.5989 0.6825 0.7003 
avg train acc: 0.6259 avg test acc: 0.6143 min train acc: 0.3874(19) min test acc: 0.3969(19)
Attack result:(0.489, 0.4915514592933948, 0.64) (320, 331, 169, 180)
iter 460:
0.6963 0.6687 0.7100 0.5532 0.5490 0.7218 0.6033 0.7752 0.5893 0.5063 0.5850 0.6732 0.6867 0.7287 0.6801 0.5905 0.7273 0.6738 0.5974 0.4067 0.7133 0.6163 0.4993 0.6746 0.4299 0.6823 0.7429 0.6282 0.6881 0.7602 
0.6749 0.6632 0.6969 0.5654 0.5476 0.7005 0.6118 0.7028 0.5745 0.4943 0.5897 0.6683 0.6818 0.6967 0.6679 0.6047 0.7024 0.6673 0.5894 0.4120 0.6956 0.6011 0.5057 0.6632 0.4300 0.6679 0.7049 0.6228 0.6758 0.7044 
avg train acc: 0.6386 avg test acc: 0.6261 min train acc: 0.4067(19) min test acc: 0.4120(19)
Attack result:(0.491, 0.4933135215453195, 0.664) (332, 341, 159, 168)
iter 470:
0.7006 0.6941 0.7204 0.5716 0.5505 0.7231 0.6358 0.7670 0.5908 0.5213 0.5889 0.6740 0.6923 0.7329 0.6819 0.6192 0.7305 0.6939 0.6276 0.4353 0.7112 0.6136 0.5168 0.6775 0.4535 0.7020 0.7527 0.6104 0.6975 0.7676 
0.6851 0.6885 0.7011 0.5761 0.5597 0.7060 0.6369 0.7049 0.5775 0.5055 0.5814 0.6716 0.6802 0.7064 0.6774 0.6283 0.7069 0.6824 0.6249 0.4475 0.6975 0.5949 0.5223 0.6665 0.4581 0.6920 0.7103 0.6079 0.6911 0.7079 
avg train acc: 0.6485 avg test acc: 0.6366 min train acc: 0.4353(19) min test acc: 0.4475(19)
Attack result:(0.49, 0.4927536231884058, 0.68) (340, 350, 150, 160)
iter 480:
0.7023 0.6773 0.7183 0.5720 0.5531 0.7228 0.6253 0.7773 0.6296 0.5153 0.6250 0.6714 0.6945 0.7370 0.6726 0.6113 0.7282 0.6872 0.6200 0.4628 0.7174 0.6442 0.5365 0.6825 0.4788 0.6840 0.7592 0.6423 0.6907 0.7624 
0.6902 0.6777 0.6965 0.5769 0.5537 0.7077 0.6309 0.7053 0.6135 0.5033 0.6221 0.6738 0.6897 0.7070 0.6671 0.6206 0.7050 0.6749 0.6176 0.4703 0.7005 0.6325 0.5349 0.6730 0.4810 0.6720 0.7087 0.6358 0.6843 0.7075 
avg train acc: 0.6534 avg test acc: 0.6411 min train acc: 0.4628(19) min test acc: 0.4703(19)
Attack result:(0.466, 0.4757834757834758, 0.668) (334, 368, 132, 166)
iter 490:
0.6944 0.7170 0.7332 0.6230 0.6022 0.7342 0.6741 0.7819 0.5973 0.5627 0.5973 0.7082 0.6991 0.7466 0.7159 0.6633 0.7467 0.6785 0.6580 0.4552 0.7237 0.6171 0.5234 0.6835 0.4621 0.7127 0.7643 0.6149 0.7169 0.7802 
0.6814 0.7065 0.7104 0.6285 0.6063 0.7133 0.6750 0.7139 0.5901 0.5482 0.5872 0.7019 0.6867 0.7192 0.7002 0.6737 0.7185 0.6769 0.6509 0.4616 0.7053 0.6043 0.5265 0.6732 0.4687 0.6938 0.7180 0.6120 0.7062 0.7136 
avg train acc: 0.6662 avg test acc: 0.6524 min train acc: 0.4552(19) min test acc: 0.4616(19)
Attack result:(0.474, 0.48099415204678364, 0.658) (329, 355, 145, 171)
iter 500:
0.7072 0.7127 0.7402 0.6457 0.6117 0.7454 0.6665 0.7746 0.6266 0.5799 0.6287 0.7005 0.7075 0.7428 0.6951 0.6501 0.7455 0.7180 0.6737 0.4759 0.7278 0.6550 0.5465 0.7067 0.4843 0.7040 0.7637 0.6348 0.6936 0.7753 
0.6934 0.7071 0.7133 0.6492 0.6188 0.7174 0.6703 0.7160 0.6148 0.5624 0.6258 0.6931 0.7022 0.7176 0.6915 0.6643 0.7177 0.7072 0.6670 0.4843 0.7098 0.6383 0.5453 0.6969 0.4911 0.6986 0.7135 0.6306 0.6890 0.7197 
avg train acc: 0.6747 avg test acc: 0.6622 min train acc: 0.4759(19) min test acc: 0.4843(19)
Attack result:(0.485, 0.4888888888888889, 0.66) (330, 345, 155, 170)
iter 525:
0.7167 0.7144 0.7414 0.6167 0.6088 0.7577 0.6780 0.7911 0.6511 0.5838 0.6347 0.7058 0.7234 0.7578 0.7215 0.6538 0.7619 0.7145 0.6765 0.4886 0.7331 0.6699 0.5595 0.7140 0.4971 0.7033 0.7724 0.6550 0.7146 0.7797 
0.7022 0.7022 0.7237 0.6316 0.6089 0.7238 0.6809 0.7241 0.6359 0.5733 0.6359 0.7008 0.7150 0.7241 0.7072 0.6711 0.7250 0.7030 0.6629 0.4987 0.7193 0.6534 0.5615 0.7008 0.5040 0.6879 0.7238 0.6450 0.7025 0.7253 
avg train acc: 0.6832 avg test acc: 0.6691 min train acc: 0.4886(19) min test acc: 0.4987(19)
Attack result:(0.485, 0.4893009985734665, 0.686) (343, 358, 142, 157)
iter 550:
0.7191 0.7234 0.7406 0.6238 0.6036 0.7665 0.6925 0.7983 0.6391 0.5794 0.6243 0.7201 0.7191 0.7736 0.7275 0.6732 0.7619 0.6961 0.6708 0.5061 0.7323 0.6549 0.5630 0.6959 0.5071 0.7334 0.7850 0.6302 0.7352 0.7903 
0.7040 0.7157 0.7239 0.6344 0.6072 0.7309 0.6898 0.7279 0.6253 0.5607 0.6263 0.7186 0.7089 0.7332 0.7120 0.6822 0.7312 0.6872 0.6708 0.5106 0.7186 0.6310 0.5637 0.6877 0.5133 0.7144 0.7313 0.6266 0.7209 0.7310 
avg train acc: 0.6862 avg test acc: 0.6713 min train acc: 0.5061(19) min test acc: 0.5106(19)
Attack result:(0.485, 0.4893917963224894, 0.692) (346, 361, 139, 154)
iter 575:
0.7212 0.7360 0.7508 0.6213 0.6025 0.7703 0.6924 0.8006 0.6411 0.5589 0.6212 0.7210 0.7156 0.7738 0.7142 0.6726 0.7748 0.7189 0.6861 0.4977 0.7486 0.6619 0.5417 0.7073 0.5011 0.7263 0.7834 0.6304 0.7307 0.7887 
0.7079 0.7195 0.7281 0.6264 0.5991 0.7324 0.6907 0.7339 0.6308 0.5465 0.6230 0.7121 0.7059 0.7364 0.7054 0.6808 0.7342 0.7107 0.6760 0.5086 0.7243 0.6458 0.5539 0.6926 0.5078 0.7057 0.7345 0.6300 0.7247 0.7302 
avg train acc: 0.6870 avg test acc: 0.6719 min train acc: 0.4977(19) min test acc: 0.5078(24)
Attack result:(0.487, 0.4908579465541491, 0.698) (349, 362, 138, 151)
iter 600:
0.7233 0.7324 0.7634 0.6275 0.5941 0.7785 0.6656 0.8080 0.6238 0.5580 0.6263 0.7173 0.7372 0.7845 0.6934 0.6599 0.7728 0.7311 0.6667 0.4622 0.7548 0.6665 0.5255 0.7247 0.4680 0.7076 0.7883 0.6357 0.7117 0.7998 
0.7059 0.7204 0.7346 0.6352 0.5952 0.7373 0.6692 0.7356 0.6145 0.5378 0.6257 0.7122 0.7232 0.7381 0.6896 0.6656 0.7366 0.7245 0.6622 0.4736 0.7345 0.6514 0.5344 0.7141 0.4749 0.6981 0.7337 0.6358 0.7033 0.7409 
avg train acc: 0.6836 avg test acc: 0.6686 min train acc: 0.4622(19) min test acc: 0.4736(19)
Attack result:(0.501, 0.5007194244604316, 0.696) (348, 347, 153, 152)
iter 625:
0.7198 0.7235 0.7736 0.5743 0.5625 0.7869 0.6702 0.8174 0.6317 0.4996 0.6176 0.7080 0.7396 0.7944 0.7144 0.6553 0.7845 0.7319 0.6321 0.4452 0.7582 0.6761 0.5039 0.7166 0.4499 0.7061 0.7969 0.6341 0.7302 0.8040 
0.7120 0.7135 0.7417 0.5820 0.5557 0.7438 0.6701 0.7416 0.6172 0.4858 0.6185 0.7044 0.7284 0.7429 0.7007 0.6627 0.7407 0.7177 0.6303 0.4485 0.7379 0.6542 0.5164 0.7006 0.4527 0.6930 0.7431 0.6283 0.7162 0.7454 
avg train acc: 0.6786 avg test acc: 0.6615 min train acc: 0.4452(19) min test acc: 0.4485(19)
Attack result:(0.502, 0.5013966480446927, 0.718) (359, 357, 143, 141)
iter 650:
0.7191 0.7441 0.7773 0.6010 0.5695 0.7927 0.6756 0.8228 0.6027 0.4917 0.6107 0.7294 0.7445 0.8074 0.7024 0.6740 0.7900 0.7052 0.6219 0.4228 0.7635 0.6581 0.4813 0.7045 0.4263 0.7180 0.8061 0.6105 0.7378 0.8091 
0.7069 0.7276 0.7440 0.6093 0.5666 0.7459 0.6754 0.7493 0.5942 0.4803 0.6056 0.7285 0.7277 0.7488 0.6924 0.6782 0.7473 0.7001 0.6223 0.4227 0.7420 0.6375 0.4927 0.6876 0.4263 0.7102 0.7511 0.6121 0.7237 0.7480 
avg train acc: 0.6773 avg test acc: 0.6601 min train acc: 0.4228(19) min test acc: 0.4227(19)
Attack result:(0.505, 0.5035765379113019, 0.704) (352, 347, 153, 148)
iter 675:
0.7039 0.7564 0.7721 0.6169 0.5913 0.7871 0.6987 0.8074 0.5987 0.5068 0.5878 0.7373 0.7074 0.8027 0.7283 0.6955 0.7957 0.7057 0.6769 0.4140 0.7371 0.6341 0.4638 0.6831 0.4246 0.7372 0.8077 0.5883 0.7533 0.8099 
0.6922 0.7400 0.7463 0.6203 0.5911 0.7397 0.7032 0.7388 0.5930 0.4998 0.5839 0.7315 0.6956 0.7497 0.7189 0.6926 0.7518 0.6967 0.6684 0.4246 0.7243 0.6205 0.4761 0.6687 0.4275 0.7215 0.7449 0.5860 0.7424 0.7449 
avg train acc: 0.6777 avg test acc: 0.6612 min train acc: 0.4140(19) min test acc: 0.4246(19)
Attack result:(0.498, 0.49854227405247814, 0.684) (342, 344, 156, 158)
iter 700:
0.7345 0.7315 0.7785 0.5927 0.5582 0.7985 0.6648 0.8294 0.6083 0.4949 0.6140 0.7077 0.7598 0.8112 0.6826 0.6506 0.7937 0.7496 0.6323 0.4278 0.7715 0.6688 0.4914 0.7415 0.4366 0.7158 0.8223 0.6181 0.7249 0.8222 
0.7181 0.7228 0.7436 0.6046 0.5591 0.7523 0.6621 0.7503 0.5976 0.4845 0.6166 0.7058 0.7401 0.7524 0.6789 0.6553 0.7470 0.7344 0.6340 0.4339 0.7514 0.6464 0.5004 0.7271 0.4381 0.7064 0.7544 0.6212 0.7090 0.7559 
avg train acc: 0.6811 avg test acc: 0.6635 min train acc: 0.4278(19) min test acc: 0.4339(19)
Attack result:(0.506, 0.5041899441340782, 0.722) (361, 355, 145, 139)
iter 725:
0.7162 0.7334 0.7923 0.5576 0.5432 0.8105 0.6734 0.8317 0.5997 0.4562 0.5963 0.6979 0.7458 0.8187 0.7187 0.6563 0.8035 0.7439 0.6242 0.4115 0.7708 0.6646 0.4695 0.7140 0.4173 0.7162 0.8327 0.6038 0.7507 0.8202 
0.7143 0.7262 0.7516 0.5622 0.5365 0.7553 0.6739 0.7536 0.5897 0.4520 0.5957 0.6963 0.7274 0.7587 0.7018 0.6592 0.7497 0.7281 0.6316 0.4143 0.7480 0.6435 0.4799 0.7031 0.4200 0.7028 0.7569 0.6080 0.7381 0.7555 
avg train acc: 0.6764 avg test acc: 0.6578 min train acc: 0.4115(19) min test acc: 0.4143(19)
Attack result:(0.508, 0.5056338028169014, 0.718) (359, 351, 149, 141)
iter 750:
0.7314 0.7366 0.7913 0.5816 0.5537 0.8251 0.6691 0.8415 0.5893 0.4795 0.6070 0.7383 0.7631 0.8282 0.7026 0.6689 0.8113 0.7291 0.6092 0.3829 0.7872 0.6618 0.4549 0.7169 0.3941 0.7093 0.8282 0.6079 0.7438 0.8344 
0.7211 0.7268 0.7563 0.5897 0.5561 0.7591 0.6697 0.7599 0.5833 0.4682 0.6037 0.7350 0.7409 0.7563 0.6930 0.6695 0.7635 0.7158 0.6148 0.3918 0.7562 0.6445 0.4658 0.6979 0.3948 0.6995 0.7619 0.6087 0.7273 0.7633 
avg train acc: 0.6793 avg test acc: 0.6598 min train acc: 0.3829(19) min test acc: 0.3918(19)
Attack result:(0.513, 0.5090152565880721, 0.734) (367, 354, 146, 133)
iter 775:
0.7086 0.7634 0.8021 0.6064 0.5731 0.8122 0.6973 0.8282 0.5969 0.5043 0.5990 0.7428 0.7364 0.8277 0.7153 0.6896 0.8159 0.7182 0.6604 0.3917 0.7604 0.6401 0.4381 0.7047 0.4031 0.7283 0.8277 0.6003 0.7457 0.8325 
0.7009 0.7440 0.7600 0.6138 0.5781 0.7555 0.6954 0.7520 0.5905 0.4947 0.5941 0.7428 0.7166 0.7599 0.7051 0.6920 0.7635 0.7049 0.6539 0.3994 0.7390 0.6252 0.4527 0.6849 0.4038 0.7162 0.7581 0.5994 0.7373 0.7610 
avg train acc: 0.6824 avg test acc: 0.6632 min train acc: 0.3917(19) min test acc: 0.3994(19)
Attack result:(0.49, 0.49297752808988765, 0.702) (351, 361, 139, 149)
iter 800:
0.7418 0.7511 0.7965 0.6018 0.5565 0.8268 0.6759 0.8463 0.5828 0.4857 0.5935 0.7220 0.7616 0.8355 0.6980 0.6605 0.8139 0.7510 0.6312 0.4038 0.7843 0.6487 0.4673 0.7368 0.4188 0.7392 0.8435 0.6093 0.7417 0.8368 
0.7298 0.7345 0.7574 0.6020 0.5549 0.7636 0.6747 0.7626 0.5759 0.4782 0.5913 0.7217 0.7385 0.7640 0.6953 0.6668 0.7603 0.7341 0.6325 0.4126 0.7631 0.6251 0.4771 0.7205 0.4169 0.7294 0.7661 0.6109 0.7318 0.7615 
avg train acc: 0.6854 avg test acc: 0.6651 min train acc: 0.4038(19) min test acc: 0.4126(19)
Attack result:(0.519, 0.5131034482758621, 0.744) (372, 353, 147, 128)
***** Best Attack Result ********
{
    "iter": 50,
    "attack_metric": [
        0.53,
        0.5426136363636364,
        0.382
    ],
    "pred_distribution": [
        191,
        161,
        339,
        309
    ]
}
