************* DL Setting *************
   Seed = 3407
   Setting = s6
   Graph = smallworld30
   Number of Attacker = 1
   Sample per user/ Num of Cover = 4166
   Num of member/non-member = 300
   Normal User Batch size = 128
   Attacker Batch size = 256
   Attack = angle
   Defense = median
   data distribution = non-iid
   Init LR = 0.01
   LR Decay = [800]
   Max Iter = 800
   Normal Train Iter = 200
**************************************
iter 25:
0.0421 0.2916 0.3684 0.3661 0.2092 0.2098 0.2733 0.2507 0.2336 0.2226 0.2163 0.2135 0.2406 0.3278 0.4202 0.1508 0.3471 0.3156 0.1527 0.3574 0.2560 0.1622 0.2464 0.3767 0.2744 0.4144 0.2095 0.2384 0.3489 0.2368 
0.0374 0.0165 0.0219 0.0196 0.0166 0.0164 0.0167 0.0120 0.0214 0.0165 0.0150 0.0188 0.0175 0.0267 0.0287 0.0112 0.0227 0.0241 0.0121 0.0214 0.0162 0.0087 0.0118 0.0226 0.0193 0.0214 0.0176 0.0161 0.0209 0.0212 
avg train acc: 0.2658 avg test acc: 0.0190 min train acc: 0.0421(0) min test acc: 0.0087(21)
Attack result:(0.49666666666666665, 0.45, 0.03) (9, 11, 289, 291)
iter 50:
0.1285 0.3776 0.4468 0.4580 0.4824 0.3475 0.4410 0.3589 0.4356 0.4418 0.4600 0.2168 0.4718 0.3674 0.4602 0.3239 0.5238 0.4240 0.3672 0.5234 0.4661 0.4014 0.4174 0.4999 0.4362 0.4451 0.4475 0.5030 0.4682 0.5557 
0.1173 0.0545 0.0715 0.0668 0.0766 0.0692 0.0506 0.0580 0.0559 0.0405 0.0636 0.0409 0.0572 0.0314 0.0418 0.0797 0.0438 0.0403 0.0507 0.0651 0.0517 0.0590 0.0678 0.0548 0.0639 0.0748 0.0675 0.0585 0.0673 0.0643 
avg train acc: 0.4232 avg test acc: 0.0602 min train acc: 0.1285(0) min test acc: 0.0314(13)
Attack result:(0.51, 0.5454545454545454, 0.12) (36, 30, 270, 264)
iter 75:
0.1899 0.4874 0.5066 0.5027 0.4539 0.4722 0.4843 0.4317 0.5452 0.5162 0.5076 0.4351 0.5234 0.5368 0.5760 0.3681 0.5526 0.5088 0.4758 0.5604 0.5334 0.4758 0.4756 0.5476 0.4603 0.4686 0.5158 0.5491 0.5499 0.5826 
0.1893 0.1304 0.1436 0.1819 0.1671 0.1535 0.1121 0.1630 0.1299 0.1322 0.1437 0.1278 0.1381 0.0955 0.1016 0.1767 0.0933 0.1254 0.1295 0.1334 0.1259 0.1667 0.1340 0.1398 0.1306 0.1706 0.1610 0.1481 0.1554 0.1257 
avg train acc: 0.4931 avg test acc: 0.1409 min train acc: 0.1899(0) min test acc: 0.0933(16)
Attack result:(0.5083333333333333, 0.5242718446601942, 0.18) (54, 49, 251, 246)
iter 100:
0.2787 0.4920 0.5417 0.5590 0.4902 0.4896 0.5584 0.4815 0.5774 0.5209 0.5631 0.5214 0.5566 0.5902 0.6159 0.4798 0.5905 0.5504 0.5048 0.6024 0.5570 0.5064 0.5243 0.5744 0.5167 0.4811 0.5677 0.5920 0.5998 0.6233 
0.2749 0.2128 0.2109 0.2395 0.2257 0.2146 0.1709 0.2522 0.2251 0.1736 0.2340 0.2055 0.1982 0.1417 0.1710 0.2198 0.1759 0.2086 0.2343 0.2414 0.2488 0.2035 0.2166 0.2071 0.2114 0.2674 0.2427 0.2217 0.2288 0.2106 
avg train acc: 0.5369 avg test acc: 0.2163 min train acc: 0.2787(0) min test acc: 0.1417(13)
Attack result:(0.5, 0.5, 0.25666666666666665) (77, 77, 223, 223)
iter 125:
0.3299 0.5649 0.6091 0.6183 0.5275 0.5922 0.5953 0.5631 0.6158 0.5810 0.5958 0.5597 0.5988 0.6507 0.6633 0.5299 0.6413 0.5903 0.5748 0.6302 0.6278 0.5752 0.5883 0.6242 0.5739 0.5315 0.6146 0.5474 0.6485 0.6755 
0.3187 0.3194 0.3253 0.3223 0.3291 0.3179 0.2684 0.3420 0.2967 0.3057 0.3126 0.2845 0.2848 0.3004 0.2548 0.3089 0.2721 0.2711 0.3102 0.3118 0.3214 0.3190 0.3233 0.3099 0.2917 0.3460 0.3266 0.3202 0.2960 0.2704 
avg train acc: 0.5880 avg test acc: 0.3060 min train acc: 0.3299(0) min test acc: 0.2548(14)
Attack result:(0.485, 0.47368421052631576, 0.27) (81, 90, 210, 219)
iter 150:
0.3859 0.6053 0.6192 0.6362 0.5917 0.6250 0.6003 0.5663 0.6643 0.6210 0.6217 0.6172 0.6446 0.6574 0.6804 0.5609 0.6645 0.6061 0.6089 0.6428 0.6115 0.6023 0.6064 0.6459 0.5814 0.5865 0.6405 0.6432 0.6475 0.7039 
0.3733 0.3422 0.3697 0.3736 0.3510 0.3652 0.2504 0.3801 0.3313 0.3243 0.3465 0.3408 0.3542 0.3255 0.3449 0.3577 0.3084 0.3449 0.3481 0.3645 0.3773 0.3669 0.3585 0.3726 0.3697 0.3821 0.3640 0.3202 0.3627 0.3448 
avg train acc: 0.6163 avg test acc: 0.3505 min train acc: 0.3859(0) min test acc: 0.2504(6)
Attack result:(0.47833333333333333, 0.46919431279620855, 0.33) (99, 112, 188, 201)
iter 175:
0.4186 0.5503 0.6229 0.6365 0.6144 0.6106 0.6408 0.5923 0.6788 0.6408 0.6322 0.5644 0.6371 0.6702 0.6702 0.5601 0.6852 0.6290 0.6189 0.6276 0.6354 0.6046 0.5998 0.6524 0.5873 0.5884 0.6264 0.6168 0.6644 0.7083 
0.4009 0.4088 0.3947 0.4109 0.3954 0.3943 0.3474 0.3858 0.3256 0.3475 0.3555 0.3524 0.3538 0.3525 0.3910 0.3884 0.3401 0.3562 0.3657 0.3749 0.3676 0.3720 0.3553 0.3268 0.3402 0.3914 0.3584 0.3763 0.3803 0.3638 
avg train acc: 0.6195 avg test acc: 0.3691 min train acc: 0.4186(0) min test acc: 0.3256(8)
Attack result:(0.5, 0.5, 0.36333333333333334) (109, 109, 191, 191)
iter 200:
0.4282 0.6123 0.6432 0.6636 0.6165 0.6209 0.6647 0.6331 0.6858 0.6547 0.6494 0.6125 0.6727 0.6979 0.7148 0.6182 0.7070 0.6485 0.6454 0.6645 0.6516 0.6273 0.6221 0.6565 0.6307 0.5790 0.6843 0.6339 0.6613 0.6970 
0.4119 0.4111 0.4152 0.4381 0.4308 0.4196 0.3630 0.4305 0.4179 0.4105 0.4018 0.3950 0.3995 0.3896 0.4098 0.4275 0.3856 0.3766 0.4011 0.4262 0.4126 0.4084 0.4097 0.3914 0.3863 0.4315 0.4159 0.3868 0.4060 0.4098 
avg train acc: 0.6433 avg test acc: 0.4073 min train acc: 0.4282(0) min test acc: 0.3630(6)
Attack result:(0.48833333333333334, 0.4847161572052402, 0.37) (111, 118, 182, 189)
iter 225:
0.4654 0.6475 0.6576 0.6755 0.5979 0.6581 0.6989 0.6069 0.6963 0.6637 0.6735 0.5951 0.6718 0.7042 0.7286 0.6165 0.7172 0.6740 0.6597 0.6821 0.6707 0.6467 0.6502 0.6751 0.6430 0.6157 0.6851 0.6650 0.6782 0.7233 
0.4527 0.4596 0.4553 0.4565 0.4453 0.4208 0.3948 0.4114 0.4082 0.4227 0.4005 0.3930 0.4030 0.4028 0.4221 0.4167 0.4059 0.4101 0.4212 0.4336 0.4383 0.4425 0.4304 0.4266 0.4329 0.4500 0.4393 0.4310 0.4690 0.4493 
avg train acc: 0.6581 avg test acc: 0.4282 min train acc: 0.4654(0) min test acc: 0.3930(11)
Attack result:(0.485, 0.4835164835164835, 0.44) (132, 141, 159, 168)
iter 250:
0.4744 0.6125 0.6707 0.6797 0.5743 0.6517 0.7088 0.6508 0.7121 0.6686 0.6915 0.6839 0.6902 0.7228 0.7351 0.6326 0.7286 0.6792 0.6555 0.7057 0.6919 0.6526 0.6487 0.6891 0.6569 0.6097 0.7149 0.6897 0.6638 0.7419 
0.4628 0.4450 0.4526 0.4680 0.4570 0.4509 0.4147 0.4794 0.4495 0.4401 0.4368 0.4406 0.4588 0.4301 0.4628 0.4526 0.4531 0.4361 0.4396 0.4643 0.4676 0.4467 0.4616 0.4631 0.4532 0.4549 0.4447 0.4288 0.4634 0.4514 
avg train acc: 0.6696 avg test acc: 0.4510 min train acc: 0.4744(0) min test acc: 0.4147(6)
Attack result:(0.5066666666666667, 0.5074074074074074, 0.45666666666666667) (137, 133, 167, 163)
iter 275:
0.4863 0.6563 0.6853 0.6879 0.4904 0.6247 0.7232 0.6684 0.7155 0.6638 0.6805 0.6970 0.6922 0.7122 0.7260 0.6412 0.7260 0.6854 0.6832 0.7288 0.7080 0.6753 0.6502 0.6981 0.6670 0.6673 0.7065 0.7003 0.6662 0.7409 
0.4766 0.4409 0.4737 0.4685 0.4622 0.4730 0.4813 0.4771 0.4576 0.4812 0.4546 0.4264 0.4405 0.4449 0.4615 0.4676 0.4327 0.4671 0.4503 0.4836 0.4788 0.4787 0.4879 0.4860 0.4658 0.4768 0.4642 0.4453 0.4767 0.4711 
avg train acc: 0.6751 avg test acc: 0.4651 min train acc: 0.4863(0) min test acc: 0.4264(11)
Attack result:(0.48833333333333334, 0.4876325088339223, 0.46) (138, 145, 155, 162)
iter 300:
0.5259 0.6969 0.7055 0.7166 0.6043 0.6594 0.7384 0.6836 0.7015 0.6887 0.7014 0.7278 0.7186 0.7496 0.7653 0.6617 0.7452 0.7052 0.6812 0.7023 0.7192 0.6700 0.6626 0.7108 0.6870 0.6642 0.7388 0.7025 0.7012 0.7435 
0.5119 0.4803 0.5018 0.5031 0.4956 0.5062 0.4684 0.5085 0.4964 0.4858 0.4949 0.4723 0.4749 0.4862 0.4723 0.5036 0.4734 0.4863 0.4683 0.4901 0.4973 0.4695 0.4756 0.4836 0.5071 0.5232 0.4875 0.4881 0.5066 0.5000 
avg train acc: 0.6960 avg test acc: 0.4906 min train acc: 0.5259(0) min test acc: 0.4683(18)
Attack result:(0.4766666666666667, 0.4766666666666667, 0.4766666666666667) (143, 157, 143, 157)
iter 325:
0.5048 0.6722 0.7179 0.7207 0.5794 0.6981 0.7259 0.6943 0.7037 0.6936 0.7052 0.7146 0.7004 0.7411 0.7397 0.6456 0.7491 0.7039 0.6569 0.7016 0.6776 0.6549 0.6461 0.6617 0.6975 0.6398 0.7153 0.7124 0.7023 0.7629 
0.4879 0.5048 0.5069 0.5200 0.5028 0.5122 0.4592 0.5266 0.4856 0.4929 0.4850 0.5031 0.4610 0.4762 0.5042 0.4925 0.4754 0.4737 0.4949 0.4733 0.4773 0.4573 0.4640 0.4366 0.4836 0.4804 0.4988 0.4733 0.4889 0.4864 
avg train acc: 0.6880 avg test acc: 0.4862 min train acc: 0.5048(0) min test acc: 0.4366(23)
Attack result:(0.48833333333333334, 0.4880546075085324, 0.4766666666666667) (143, 150, 150, 157)
iter 350:
0.4411 0.6783 0.7050 0.7255 0.6020 0.6412 0.7460 0.7009 0.7424 0.7169 0.7020 0.7354 0.7266 0.7452 0.7501 0.6802 0.7734 0.7183 0.7080 0.7350 0.7010 0.6693 0.6814 0.7058 0.6736 0.5530 0.7266 0.7015 0.7059 0.7506 
0.4260 0.4947 0.5255 0.5298 0.5227 0.5242 0.4841 0.5208 0.5109 0.4936 0.5103 0.4753 0.5018 0.5024 0.4967 0.5264 0.5207 0.5157 0.5160 0.5191 0.5293 0.5173 0.5145 0.4873 0.4660 0.4544 0.5100 0.4920 0.5237 0.5076 
avg train acc: 0.6947 avg test acc: 0.5040 min train acc: 0.4411(0) min test acc: 0.4260(0)
Attack result:(0.4816666666666667, 0.4777327935222672, 0.3933333333333333) (118, 129, 171, 182)
iter 375:
0.4717 0.6660 0.7154 0.7009 0.6182 0.6494 0.7589 0.7024 0.7457 0.7275 0.7093 0.7476 0.7182 0.7511 0.7597 0.6793 0.7590 0.7232 0.7085 0.6950 0.7282 0.6886 0.7007 0.7094 0.6973 0.6304 0.7339 0.7406 0.6334 0.7467 
0.4602 0.5267 0.5224 0.5425 0.5265 0.5315 0.5016 0.5481 0.4862 0.5186 0.5065 0.5041 0.4846 0.4815 0.5197 0.5286 0.4880 0.5149 0.5202 0.5279 0.5204 0.5443 0.5256 0.4980 0.5131 0.4914 0.5224 0.5038 0.5384 0.5250 
avg train acc: 0.7005 avg test acc: 0.5141 min train acc: 0.4717(0) min test acc: 0.4602(0)
Attack result:(0.48833333333333334, 0.48717948717948717, 0.44333333333333336) (133, 140, 160, 167)
iter 400:
0.5088 0.7033 0.7231 0.7150 0.6080 0.7107 0.7694 0.7046 0.7550 0.7118 0.7235 0.7300 0.7342 0.7693 0.7940 0.7015 0.7740 0.7413 0.7158 0.7314 0.7242 0.7172 0.6986 0.7209 0.7129 0.6688 0.7644 0.7370 0.7056 0.7601 
0.5110 0.5465 0.5375 0.5450 0.5186 0.5451 0.5110 0.5526 0.5146 0.5339 0.5485 0.5013 0.5223 0.5286 0.5409 0.5454 0.5363 0.5317 0.5154 0.5486 0.5424 0.5154 0.5290 0.5130 0.5332 0.5405 0.5342 0.5294 0.5631 0.5490 
avg train acc: 0.7178 avg test acc: 0.5328 min train acc: 0.5088(0) min test acc: 0.5013(11)
Attack result:(0.4716666666666667, 0.4723127035830619, 0.48333333333333334) (145, 162, 138, 155)
iter 410:
0.5309 0.7170 0.7357 0.7316 0.6086 0.7035 0.7654 0.7232 0.7314 0.6864 0.7190 0.7318 0.7231 0.7747 0.7844 0.6861 0.7703 0.7385 0.6962 0.7251 0.7119 0.6767 0.6871 0.7139 0.7084 0.7111 0.7219 0.7399 0.7289 0.7689 
0.5229 0.5285 0.5443 0.5374 0.5400 0.5425 0.5246 0.5270 0.4998 0.5405 0.5276 0.5322 0.4915 0.5061 0.5227 0.5528 0.5354 0.5209 0.5267 0.5502 0.5437 0.5242 0.5246 0.5311 0.5380 0.5628 0.5493 0.5053 0.5470 0.5355 
avg train acc: 0.7151 avg test acc: 0.5312 min train acc: 0.5309(0) min test acc: 0.4915(12)
Attack result:(0.4683333333333333, 0.470404984423676, 0.5033333333333333) (151, 170, 130, 149)
iter 420:
0.5607 0.7187 0.7279 0.7395 0.6885 0.7077 0.7638 0.6812 0.7319 0.7177 0.7173 0.7227 0.7227 0.7554 0.7725 0.6924 0.7713 0.7320 0.7037 0.7135 0.7257 0.7085 0.6937 0.7257 0.6925 0.6973 0.7514 0.7141 0.7088 0.7746 
0.5481 0.5512 0.5533 0.5647 0.5494 0.5623 0.5314 0.5439 0.5180 0.5334 0.5134 0.4993 0.5073 0.4806 0.5030 0.5305 0.5229 0.5162 0.5141 0.5566 0.5526 0.5242 0.5386 0.5376 0.5109 0.5440 0.5265 0.5367 0.5207 0.5363 
avg train acc: 0.7178 avg test acc: 0.5309 min train acc: 0.5607(0) min test acc: 0.4806(13)
Attack result:(0.4716666666666667, 0.47384615384615386, 0.5133333333333333) (154, 171, 129, 146)
iter 430:
0.5704 0.7240 0.7266 0.7095 0.6871 0.7007 0.7734 0.6994 0.7278 0.7333 0.7302 0.7557 0.7434 0.7602 0.7763 0.7049 0.7860 0.7382 0.7123 0.7254 0.7262 0.7253 0.7107 0.7504 0.7300 0.6992 0.7479 0.7242 0.6912 0.7675 
0.5589 0.5533 0.5494 0.5576 0.5340 0.5363 0.5280 0.5637 0.5296 0.5438 0.5348 0.5242 0.5442 0.5336 0.5596 0.5487 0.5423 0.5518 0.5424 0.5581 0.5609 0.5256 0.5494 0.5307 0.5488 0.5747 0.5241 0.5036 0.5409 0.5404 
avg train acc: 0.7253 avg test acc: 0.5431 min train acc: 0.5704(0) min test acc: 0.5036(27)
Attack result:(0.47833333333333333, 0.4808259587020649, 0.5433333333333333) (163, 176, 124, 137)
iter 440:
0.5631 0.7241 0.7334 0.7410 0.6523 0.6774 0.7787 0.7152 0.7487 0.7212 0.7371 0.7582 0.7336 0.7586 0.7715 0.7127 0.7798 0.7346 0.7221 0.7446 0.7235 0.6926 0.7076 0.7534 0.7146 0.6976 0.7654 0.7381 0.7678 0.7663 
0.5559 0.5357 0.5320 0.5536 0.5575 0.5465 0.5282 0.5472 0.5536 0.5420 0.5432 0.5431 0.5318 0.5035 0.5224 0.5385 0.5148 0.5160 0.5193 0.5386 0.5442 0.5155 0.5454 0.5581 0.5750 0.5730 0.5616 0.5477 0.5487 0.5358 
avg train acc: 0.7278 avg test acc: 0.5409 min train acc: 0.5631(0) min test acc: 0.5035(13)
Attack result:(0.46166666666666667, 0.46504559270516715, 0.51) (153, 176, 124, 147)
iter 450:
0.5698 0.7117 0.7317 0.7329 0.6951 0.7123 0.7716 0.7131 0.7332 0.7294 0.7308 0.7392 0.7423 0.7721 0.7932 0.6980 0.7723 0.7382 0.7185 0.7052 0.7364 0.7281 0.7175 0.7378 0.7067 0.7201 0.7579 0.7277 0.7376 0.7881 
0.5631 0.5456 0.5524 0.5603 0.5452 0.5598 0.5401 0.5587 0.5490 0.5475 0.5261 0.5310 0.5164 0.5333 0.5316 0.5388 0.5081 0.5258 0.5490 0.5556 0.5468 0.5347 0.5502 0.5294 0.5396 0.5618 0.5543 0.5436 0.5645 0.5451 
avg train acc: 0.7290 avg test acc: 0.5436 min train acc: 0.5698(0) min test acc: 0.5081(16)
Attack result:(0.4683333333333333, 0.4709480122324159, 0.5133333333333333) (154, 173, 127, 146)
iter 460:
0.5646 0.6800 0.7330 0.7180 0.6834 0.6923 0.7830 0.7117 0.7540 0.7280 0.7447 0.7623 0.7342 0.7714 0.8000 0.7127 0.7717 0.7390 0.7181 0.6851 0.7262 0.7259 0.7097 0.7392 0.7166 0.7008 0.7733 0.7205 0.7630 0.7768 
0.5662 0.5672 0.5543 0.5399 0.5528 0.5322 0.5327 0.5616 0.5666 0.5423 0.5506 0.5420 0.5200 0.5333 0.5469 0.5489 0.5339 0.5618 0.5494 0.5723 0.5600 0.5301 0.5534 0.5651 0.5602 0.5689 0.5213 0.5052 0.5371 0.5541 
avg train acc: 0.7280 avg test acc: 0.5477 min train acc: 0.5646(0) min test acc: 0.5052(27)
Attack result:(0.48, 0.4819277108433735, 0.5333333333333333) (160, 172, 128, 140)
iter 470:
0.5900 0.7451 0.7434 0.7169 0.7049 0.7352 0.7811 0.7307 0.7355 0.7274 0.7342 0.7615 0.7391 0.7788 0.7904 0.7108 0.7798 0.7487 0.7104 0.7545 0.7142 0.7279 0.7145 0.7579 0.7044 0.7317 0.7425 0.7212 0.7235 0.7697 
0.5799 0.5429 0.5717 0.5762 0.5702 0.5699 0.5263 0.5468 0.5485 0.5551 0.5518 0.5292 0.5386 0.5293 0.5563 0.5569 0.5271 0.5450 0.5408 0.5600 0.5442 0.5472 0.5657 0.5351 0.5599 0.5811 0.5599 0.5353 0.5587 0.5589 
avg train acc: 0.7342 avg test acc: 0.5523 min train acc: 0.5900(0) min test acc: 0.5263(6)
Attack result:(0.4633333333333333, 0.46745562130177515, 0.5266666666666666) (158, 180, 120, 142)
iter 480:
0.5904 0.7083 0.7459 0.6960 0.7100 0.7234 0.7808 0.7102 0.7679 0.7314 0.7333 0.7582 0.7462 0.7803 0.7902 0.7210 0.7767 0.7581 0.7364 0.7633 0.7383 0.7407 0.7183 0.7402 0.7169 0.7148 0.7477 0.7366 0.7128 0.7908 
0.5835 0.5592 0.5529 0.5790 0.5562 0.5684 0.5443 0.5656 0.5551 0.5387 0.5486 0.5306 0.5313 0.5416 0.5534 0.5648 0.5395 0.5496 0.5411 0.5638 0.5500 0.5534 0.5386 0.5293 0.5659 0.5805 0.5551 0.5556 0.5654 0.5497 
avg train acc: 0.7362 avg test acc: 0.5537 min train acc: 0.5904(0) min test acc: 0.5293(23)
Attack result:(0.45166666666666666, 0.45671641791044776, 0.51) (153, 182, 118, 147)
iter 490:
0.5881 0.7385 0.7354 0.7238 0.7127 0.7403 0.7837 0.7226 0.7765 0.7352 0.7392 0.7595 0.7517 0.7560 0.7808 0.7061 0.7694 0.7455 0.7199 0.7606 0.7320 0.7388 0.7279 0.7621 0.7262 0.7192 0.7643 0.7492 0.7451 0.7741 
0.5806 0.5596 0.5599 0.5729 0.5683 0.5534 0.5326 0.5654 0.5365 0.5497 0.5528 0.5441 0.5521 0.5343 0.5277 0.5645 0.5538 0.5477 0.5376 0.5740 0.5669 0.5560 0.5547 0.5550 0.5516 0.5845 0.5601 0.5470 0.5678 0.5652 
avg train acc: 0.7395 avg test acc: 0.5559 min train acc: 0.5881(0) min test acc: 0.5277(14)
Attack result:(0.4683333333333333, 0.47230320699708456, 0.54) (162, 181, 119, 138)
iter 500:
0.5851 0.7389 0.7583 0.7484 0.7104 0.7229 0.7909 0.7213 0.7555 0.7463 0.7532 0.7708 0.7423 0.7684 0.8049 0.7203 0.7971 0.7534 0.7371 0.7650 0.7303 0.7392 0.7217 0.7540 0.7252 0.7305 0.7591 0.7454 0.7311 0.7731 
0.5744 0.5562 0.5626 0.5732 0.5722 0.5716 0.5513 0.5661 0.5645 0.5679 0.5604 0.5533 0.5495 0.5516 0.5696 0.5738 0.5515 0.5600 0.5799 0.5800 0.5738 0.5721 0.5801 0.5493 0.5576 0.5812 0.5628 0.5597 0.5709 0.5362 
avg train acc: 0.7433 avg test acc: 0.5644 min train acc: 0.5851(0) min test acc: 0.5362(29)
Attack result:(0.4816666666666667, 0.4838709677419355, 0.55) (165, 176, 124, 135)
iter 525:
0.5886 0.7454 0.7421 0.6772 0.6994 0.7329 0.7904 0.7156 0.7418 0.7176 0.7449 0.7497 0.7420 0.7640 0.7967 0.7315 0.7910 0.7580 0.7427 0.7327 0.7349 0.7356 0.7118 0.7475 0.7159 0.7261 0.7500 0.7277 0.7623 0.7890 
0.5832 0.5504 0.5620 0.5869 0.5686 0.5638 0.5560 0.5607 0.5304 0.5469 0.5622 0.5554 0.5481 0.5190 0.5425 0.5814 0.5578 0.5592 0.5700 0.5749 0.5729 0.5581 0.5699 0.5622 0.5601 0.5890 0.5705 0.5724 0.5732 0.5676 
avg train acc: 0.7368 avg test acc: 0.5625 min train acc: 0.5886(0) min test acc: 0.5190(13)
Attack result:(0.485, 0.48746518105849584, 0.5833333333333334) (175, 184, 116, 125)
iter 550:
0.5941 0.7454 0.7320 0.7409 0.7012 0.7431 0.7991 0.7452 0.7769 0.7275 0.7454 0.7615 0.7509 0.7790 0.8025 0.7288 0.7944 0.7596 0.7233 0.7355 0.7175 0.7407 0.7343 0.7754 0.7304 0.7424 0.7461 0.7419 0.7822 0.7852 
0.5926 0.5719 0.5828 0.5866 0.5732 0.5911 0.5600 0.5797 0.5642 0.5748 0.5677 0.5636 0.5327 0.5479 0.5508 0.5772 0.5693 0.5826 0.5504 0.5859 0.5804 0.5605 0.5781 0.5677 0.5757 0.5816 0.5838 0.5615 0.5745 0.5760 
avg train acc: 0.7461 avg test acc: 0.5715 min train acc: 0.5941(0) min test acc: 0.5327(12)
Attack result:(0.47333333333333333, 0.4781420765027322, 0.5833333333333334) (175, 191, 109, 125)
iter 575:
0.6003 0.7526 0.7597 0.7356 0.7104 0.7442 0.7934 0.7410 0.7637 0.7379 0.7529 0.7717 0.7598 0.7803 0.7906 0.7305 0.7926 0.7499 0.7230 0.7575 0.7448 0.7453 0.7336 0.7569 0.7245 0.7105 0.7727 0.7164 0.7570 0.7726 
0.5995 0.5784 0.5821 0.5907 0.5879 0.5810 0.5661 0.5588 0.5664 0.5565 0.5721 0.5585 0.5531 0.5497 0.5752 0.5848 0.5834 0.5428 0.5788 0.5791 0.5880 0.5774 0.5671 0.5388 0.5693 0.5830 0.5774 0.5781 0.5801 0.5541 
avg train acc: 0.7461 avg test acc: 0.5719 min train acc: 0.6003(0) min test acc: 0.5388(23)
Attack result:(0.4683333333333333, 0.47262247838616717, 0.5466666666666666) (164, 183, 117, 136)
iter 600:
0.5646 0.7422 0.7150 0.7337 0.7119 0.7072 0.7906 0.7408 0.7601 0.7510 0.7429 0.7727 0.7577 0.7894 0.8008 0.7276 0.7887 0.7469 0.7304 0.7424 0.7414 0.7471 0.7239 0.7557 0.7275 0.7380 0.7785 0.7250 0.7475 0.7906 
0.5699 0.5642 0.5889 0.5723 0.5494 0.5825 0.5608 0.5808 0.5830 0.5706 0.5751 0.5464 0.5611 0.5436 0.5582 0.5781 0.5582 0.5605 0.5827 0.5921 0.6025 0.5729 0.5640 0.5793 0.5877 0.5744 0.5609 0.5576 0.5841 0.5745 
avg train acc: 0.7431 avg test acc: 0.5712 min train acc: 0.5646(0) min test acc: 0.5436(13)
Attack result:(0.4666666666666667, 0.468944099378882, 0.5033333333333333) (151, 171, 129, 149)
iter 625:
0.5911 0.7657 0.7561 0.7245 0.7344 0.7275 0.7980 0.7490 0.7899 0.7553 0.7647 0.7825 0.7709 0.7859 0.8167 0.7391 0.8060 0.7626 0.7475 0.7417 0.7294 0.7489 0.7431 0.7800 0.7337 0.7678 0.7779 0.7651 0.7379 0.8038 
0.5968 0.5866 0.5999 0.6012 0.6061 0.6044 0.5542 0.5908 0.5635 0.5839 0.5659 0.5694 0.5676 0.5467 0.5681 0.5915 0.5773 0.5744 0.5432 0.5795 0.5614 0.5809 0.5959 0.5720 0.5946 0.5880 0.5833 0.5717 0.6044 0.5785 
avg train acc: 0.7566 avg test acc: 0.5801 min train acc: 0.5911(0) min test acc: 0.5432(18)
Attack result:(0.46, 0.4666666666666667, 0.56) (168, 192, 108, 132)
iter 650:
0.5923 0.7624 0.7532 0.7645 0.6787 0.7044 0.7977 0.7526 0.7412 0.7413 0.7595 0.7851 0.7768 0.7920 0.8117 0.7366 0.8132 0.7743 0.7443 0.7900 0.7467 0.7479 0.7345 0.7623 0.7446 0.7318 0.7853 0.7396 0.7672 0.7949 
0.5912 0.5723 0.5777 0.5951 0.6129 0.5905 0.5646 0.5981 0.6131 0.6054 0.6112 0.5695 0.5830 0.5710 0.5799 0.5782 0.5876 0.5716 0.5682 0.5769 0.5645 0.5888 0.5862 0.5784 0.5889 0.6075 0.6008 0.5894 0.5863 0.5906 
avg train acc: 0.7542 avg test acc: 0.5866 min train acc: 0.5923(0) min test acc: 0.5645(20)
Attack result:(0.455, 0.46218487394957986, 0.55) (165, 192, 108, 135)
iter 675:
0.5997 0.7640 0.7662 0.7705 0.7325 0.7561 0.8101 0.7386 0.7742 0.7627 0.7501 0.7458 0.7564 0.7807 0.7979 0.7354 0.7890 0.7737 0.7481 0.7869 0.7568 0.7497 0.7473 0.7753 0.7515 0.7615 0.7735 0.7638 0.7633 0.8002 
0.5970 0.5853 0.5964 0.6150 0.6106 0.6044 0.5855 0.5907 0.6005 0.5788 0.5648 0.5607 0.5706 0.5669 0.5555 0.5770 0.5546 0.5783 0.5768 0.5882 0.5963 0.5975 0.5978 0.5936 0.5856 0.6004 0.5962 0.5789 0.5942 0.5812 
avg train acc: 0.7594 avg test acc: 0.5860 min train acc: 0.5997(0) min test acc: 0.5546(16)
Attack result:(0.485, 0.48695652173913045, 0.56) (168, 177, 123, 132)
iter 700:
0.6024 0.7468 0.7657 0.7448 0.7202 0.7506 0.8052 0.7407 0.7899 0.7486 0.7682 0.7656 0.7692 0.7900 0.8074 0.7410 0.8039 0.7760 0.7626 0.7851 0.7700 0.7691 0.7447 0.7686 0.7434 0.7536 0.7818 0.7558 0.7512 0.8031 
0.5979 0.5848 0.6068 0.6031 0.5932 0.5945 0.5743 0.5944 0.5653 0.5551 0.5831 0.5640 0.5809 0.5549 0.5710 0.6067 0.5868 0.5679 0.5834 0.6178 0.6179 0.6036 0.6173 0.5828 0.5854 0.6265 0.5820 0.5792 0.5898 0.6031 
avg train acc: 0.7608 avg test acc: 0.5891 min train acc: 0.6024(0) min test acc: 0.5549(13)
Attack result:(0.4583333333333333, 0.46518105849582175, 0.5566666666666666) (167, 192, 108, 133)
iter 725:
0.6073 0.7588 0.7615 0.7865 0.7166 0.7379 0.8090 0.7566 0.7924 0.7646 0.7635 0.7811 0.7753 0.7816 0.8013 0.7383 0.7961 0.7797 0.7447 0.7926 0.7579 0.7517 0.7496 0.7624 0.7488 0.7461 0.7925 0.7389 0.7819 0.7956 
0.6018 0.6032 0.5762 0.5996 0.5970 0.5935 0.5870 0.6065 0.6011 0.5908 0.6037 0.5596 0.5804 0.5849 0.5752 0.5993 0.5793 0.5893 0.5910 0.6042 0.6029 0.5949 0.6181 0.5915 0.5933 0.6030 0.5975 0.5941 0.6122 0.6083 
avg train acc: 0.7624 avg test acc: 0.5947 min train acc: 0.6073(0) min test acc: 0.5596(11)
Attack result:(0.48, 0.4830508474576271, 0.57) (171, 183, 117, 129)
iter 750:
0.6265 0.7583 0.7781 0.7724 0.7557 0.7300 0.8081 0.7603 0.7832 0.7753 0.7848 0.7990 0.7817 0.8006 0.8181 0.7510 0.7945 0.7807 0.7543 0.7706 0.7589 0.7651 0.7491 0.7904 0.7252 0.7683 0.7832 0.7510 0.7804 0.8063 
0.6201 0.6009 0.6120 0.6129 0.5929 0.6165 0.5764 0.6024 0.5967 0.5959 0.6122 0.5865 0.5904 0.6106 0.6093 0.6207 0.5895 0.6111 0.6068 0.6123 0.6101 0.6226 0.6066 0.5909 0.6106 0.6190 0.5935 0.6019 0.6162 0.6123 
avg train acc: 0.7687 avg test acc: 0.6053 min train acc: 0.6265(0) min test acc: 0.5764(6)
Attack result:(0.4583333333333333, 0.46701846965699206, 0.59) (177, 202, 98, 123)
iter 775:
0.6177 0.7408 0.7858 0.7450 0.7744 0.7525 0.8064 0.7605 0.7929 0.7778 0.7895 0.7929 0.7933 0.8058 0.8304 0.7635 0.8040 0.7873 0.7620 0.7610 0.7614 0.7709 0.7646 0.7757 0.7633 0.7620 0.7954 0.7331 0.7856 0.8208 
0.6114 0.6051 0.6178 0.6248 0.5968 0.6296 0.5791 0.6120 0.6146 0.6252 0.6046 0.6019 0.5992 0.5672 0.5920 0.6256 0.6028 0.6052 0.6010 0.6145 0.6165 0.6197 0.6080 0.5944 0.6040 0.6228 0.5930 0.6107 0.6017 0.6128 
avg train acc: 0.7725 avg test acc: 0.6071 min train acc: 0.6177(0) min test acc: 0.5672(13)
Attack result:(0.45666666666666667, 0.46348314606741575, 0.55) (165, 191, 109, 135)
iter 800:
0.6301 0.7627 0.7900 0.7726 0.7416 0.7461 0.8173 0.7666 0.7885 0.7663 0.7857 0.7969 0.7767 0.8017 0.8126 0.7610 0.8284 0.7823 0.7672 0.7873 0.7770 0.7804 0.7511 0.7947 0.7535 0.7543 0.8051 0.7870 0.7722 0.8091 
0.6217 0.6008 0.6209 0.6328 0.6175 0.6164 0.5948 0.6086 0.6052 0.6188 0.6055 0.5858 0.6027 0.5792 0.5805 0.6087 0.6079 0.6033 0.6113 0.6204 0.6276 0.6246 0.6263 0.6147 0.6102 0.6148 0.6187 0.6011 0.5949 0.5880 
avg train acc: 0.7755 avg test acc: 0.6088 min train acc: 0.6301(0) min test acc: 0.5792(13)
Attack result:(0.48333333333333334, 0.4864864864864865, 0.6) (180, 190, 110, 120)
***** Best Attack Result ********
{
    "iter": 50,
    "attack_metric": [
        0.51,
        0.5454545454545454,
        0.12
    ],
    "pred_distribution": [
        36,
        30,
        270,
        264
    ]
}
