************* DL Setting *************
   Seed = 3407
   Setting = s6
   Graph = regular30_15
   Number of Attacker = 1
   Sample per user/ Num of Cover = 4166
   Num of member/non-member = 300
   Normal User Batch size = 128
   Attacker Batch size = 256
   Attack = norm
   Defense = median
   data distribution = non-iid
   Init LR = 0.01
   LR Decay = [800]
   Max Iter = 800
   Normal Train Iter = 200
**************************************
iter 25:
0.0805 0.1073 0.2037 0.1138 0.0760 0.2161 0.0702 0.0968 0.1394 0.0626 0.1919 0.1267 0.2844 0.1490 0.0975 0.0681 0.1582 0.1392 0.2091 0.2915 0.2292 0.0309 0.0326 0.3433 0.0419 0.2445 0.1333 0.1622 0.3254 0.0449 
0.0806 0.0686 0.0396 0.0628 0.0671 0.0512 0.0772 0.0661 0.0721 0.0503 0.0618 0.0512 0.0552 0.0535 0.0675 0.0786 0.0800 0.0683 0.0477 0.0593 0.0552 0.0434 0.0500 0.0510 0.0696 0.0593 0.0855 0.0745 0.0603 0.0551 
avg train acc: 0.1490 avg test acc: 0.0621 min train acc: 0.0309(21) min test acc: 0.0396(2)
Attack result:(0.495, 0.4634146341463415, 0.06333333333333334) (19, 22, 278, 281)
iter 50:
0.2181 0.2772 0.0673 0.1568 0.1964 0.1534 0.1225 0.2264 0.2590 0.0754 0.1829 0.0394 0.2736 0.3560 0.4209 0.2397 0.0975 0.0439 0.2688 0.0951 0.0664 0.2762 0.0962 0.3040 0.0603 0.3415 0.1384 0.1263 0.4234 0.0385 
0.2205 0.1496 0.1059 0.1031 0.1987 0.1922 0.1613 0.0842 0.2063 0.1257 0.1628 0.0716 0.1567 0.2070 0.1295 0.2008 0.1515 0.0741 0.1525 0.0996 0.0798 0.1769 0.1140 0.1683 0.0953 0.1742 0.0995 0.1507 0.1850 0.0702 
avg train acc: 0.1881 avg test acc: 0.1422 min train acc: 0.0385(29) min test acc: 0.0702(29)
Attack result:(0.49666666666666665, 0.49107142857142855, 0.18333333333333332) (55, 57, 243, 245)
iter 75:
0.3262 0.3334 0.1766 0.1899 0.2479 0.3374 0.2414 0.2391 0.4930 0.2010 0.2308 0.0642 0.3051 0.3363 0.4210 0.3310 0.2068 0.1495 0.3854 0.2395 0.1914 0.3597 0.3101 0.3104 0.1671 0.2517 0.2156 0.2555 0.4198 0.1439 
0.3276 0.2378 0.1561 0.2015 0.2853 0.2672 0.2328 0.1528 0.2997 0.2591 0.2266 0.1347 0.2432 0.3053 0.1784 0.3025 0.2280 0.1481 0.2911 0.1989 0.1493 0.2642 0.2047 0.2692 0.1501 0.2143 0.1606 0.2429 0.2613 0.1260 
avg train acc: 0.2694 avg test acc: 0.2240 min train acc: 0.0642(11) min test acc: 0.1260(29)
Attack result:(0.51, 0.5163043478260869, 0.31666666666666665) (95, 89, 211, 205)
iter 100:
0.3810 0.4243 0.3673 0.3003 0.3016 0.4059 0.2017 0.3825 0.4589 0.2699 0.2689 0.0967 0.3073 0.4479 0.4483 0.3605 0.2394 0.1831 0.3838 0.2457 0.1499 0.4945 0.3578 0.3711 0.2713 0.2898 0.2701 0.3294 0.3888 0.2835 
0.3811 0.3200 0.2165 0.2618 0.3171 0.3337 0.2672 0.2113 0.3446 0.3222 0.2706 0.1933 0.3036 0.3387 0.2467 0.3534 0.3030 0.2196 0.3254 0.2382 0.1890 0.3298 0.2632 0.3265 0.2182 0.2844 0.2198 0.2963 0.3317 0.1847 
avg train acc: 0.3227 avg test acc: 0.2804 min train acc: 0.0967(11) min test acc: 0.1847(29)
Attack result:(0.5083333333333333, 0.5119617224880383, 0.3566666666666667) (107, 102, 198, 193)
iter 125:
0.4158 0.4044 0.3063 0.2708 0.3672 0.4704 0.2634 0.3641 0.5222 0.2446 0.2562 0.1339 0.3694 0.5233 0.4742 0.3790 0.3608 0.2063 0.4008 0.3775 0.1611 0.4816 0.3904 0.3782 0.2803 0.3632 0.3392 0.3473 0.4591 0.2275 
0.4201 0.3313 0.2845 0.2670 0.3800 0.3854 0.3031 0.2345 0.4006 0.3250 0.2933 0.2366 0.3451 0.3808 0.3028 0.3939 0.3926 0.2202 0.3583 0.2734 0.2304 0.3737 0.2736 0.3661 0.2470 0.3705 0.2656 0.3433 0.3630 0.2094 
avg train acc: 0.3513 avg test acc: 0.3190 min train acc: 0.1339(11) min test acc: 0.2094(29)
Attack result:(0.485, 0.48068669527896996, 0.37333333333333335) (112, 121, 179, 188)
iter 150:
0.4551 0.4404 0.4970 0.3469 0.4824 0.4983 0.3358 0.3896 0.6006 0.2542 0.2232 0.1622 0.3860 0.5642 0.4492 0.3769 0.4974 0.2161 0.3988 0.3795 0.1973 0.4716 0.3598 0.4483 0.3314 0.4331 0.3254 0.3932 0.5272 0.2807 
0.4545 0.3649 0.3021 0.2807 0.4142 0.4207 0.3359 0.2685 0.4314 0.3359 0.3049 0.2718 0.3593 0.4123 0.3016 0.4141 0.4352 0.2509 0.3940 0.2890 0.2338 0.3934 0.3145 0.4103 0.2817 0.4089 0.2689 0.3804 0.3803 0.2297 
avg train acc: 0.3907 avg test acc: 0.3448 min train acc: 0.1622(11) min test acc: 0.2297(29)
Attack result:(0.48833333333333334, 0.48638132295719844, 0.4166666666666667) (125, 132, 168, 175)
iter 175:
0.4921 0.4737 0.4631 0.3121 0.4919 0.5511 0.2957 0.3948 0.6201 0.2504 0.2237 0.1602 0.3769 0.6004 0.4355 0.4123 0.6005 0.2210 0.4408 0.4158 0.2671 0.5012 0.3689 0.5195 0.2936 0.4904 0.3497 0.3971 0.4838 0.2575 
0.4842 0.3582 0.3159 0.3026 0.4738 0.4693 0.3613 0.2740 0.4589 0.3493 0.3115 0.2553 0.3734 0.4573 0.3326 0.4378 0.4540 0.2370 0.4336 0.3204 0.2522 0.4125 0.3202 0.4444 0.2667 0.4267 0.2910 0.3805 0.3996 0.2314 
avg train acc: 0.4054 avg test acc: 0.3628 min train acc: 0.1602(11) min test acc: 0.2314(29)
Attack result:(0.49666666666666665, 0.49640287769784175, 0.46) (138, 140, 160, 162)
iter 200:
0.5323 0.4704 0.4360 0.2825 0.5085 0.5139 0.2798 0.4049 0.6172 0.3328 0.2584 0.2090 0.4269 0.6306 0.4911 0.4084 0.5368 0.2413 0.4235 0.3533 0.3828 0.5843 0.3978 0.5880 0.3712 0.5168 0.3020 0.3610 0.4915 0.2680 
0.5145 0.3946 0.3118 0.3101 0.4951 0.4800 0.3698 0.3042 0.4871 0.3724 0.3331 0.2667 0.3949 0.4711 0.3261 0.4346 0.4730 0.2688 0.4377 0.3013 0.2806 0.4316 0.3575 0.4887 0.2854 0.4514 0.2986 0.4054 0.4355 0.2614 
avg train acc: 0.4207 avg test acc: 0.3814 min train acc: 0.2090(11) min test acc: 0.2614(29)
Attack result:(0.49666666666666665, 0.4967105263157895, 0.5033333333333333) (151, 153, 147, 149)
iter 225:
0.5557 0.4692 0.4484 0.3264 0.5454 0.5616 0.2656 0.4712 0.6274 0.3615 0.3581 0.2686 0.4560 0.6071 0.5238 0.4042 0.5582 0.2668 0.4693 0.3099 0.4067 0.5576 0.3471 0.6182 0.3977 0.5715 0.3476 0.3738 0.5163 0.2575 
0.5380 0.4285 0.3476 0.3546 0.5006 0.5081 0.3934 0.3273 0.5033 0.4142 0.3673 0.3096 0.4215 0.4917 0.3362 0.4515 0.4947 0.3194 0.4584 0.3596 0.3199 0.4627 0.3847 0.5044 0.3367 0.4527 0.3243 0.4450 0.4698 0.2806 
avg train acc: 0.4416 avg test acc: 0.4102 min train acc: 0.2575(29) min test acc: 0.2806(29)
Attack result:(0.515, 0.5148514851485149, 0.52) (156, 147, 153, 144)
iter 250:
0.5612 0.4667 0.4864 0.3306 0.4841 0.5656 0.3619 0.4444 0.6584 0.3187 0.3713 0.3102 0.4668 0.6137 0.5134 0.4540 0.6164 0.3044 0.5420 0.3466 0.4550 0.6204 0.3794 0.5691 0.4463 0.5678 0.3932 0.3368 0.5365 0.2834 
0.5421 0.4405 0.3789 0.3708 0.5088 0.5245 0.4129 0.3296 0.5169 0.4420 0.4049 0.3289 0.4444 0.4921 0.3828 0.4947 0.5003 0.3214 0.4943 0.4062 0.3556 0.4809 0.3823 0.4983 0.3510 0.4761 0.3619 0.4496 0.4903 0.2967 
avg train acc: 0.4602 avg test acc: 0.4293 min train acc: 0.2834(29) min test acc: 0.2967(29)
Attack result:(0.5016666666666667, 0.5015576323987538, 0.5366666666666666) (161, 160, 140, 139)
iter 275:
0.5829 0.5269 0.4187 0.3721 0.5265 0.5989 0.4442 0.4744 0.6481 0.3939 0.3672 0.3307 0.4317 0.6494 0.5828 0.4918 0.6012 0.3294 0.5805 0.3703 0.4186 0.6132 0.3950 0.4880 0.4512 0.6241 0.4321 0.4076 0.5627 0.3696 
0.5688 0.4708 0.3714 0.4014 0.5288 0.5374 0.4521 0.3482 0.5343 0.4427 0.4105 0.3727 0.4401 0.5313 0.4089 0.5178 0.5049 0.3344 0.5179 0.3888 0.3596 0.5015 0.4037 0.4967 0.3779 0.5105 0.3915 0.4690 0.5175 0.3217 
avg train acc: 0.4828 avg test acc: 0.4478 min train acc: 0.3294(17) min test acc: 0.3217(29)
Attack result:(0.5116666666666667, 0.5103857566765578, 0.5733333333333334) (172, 165, 135, 128)
iter 300:
0.5947 0.5445 0.4490 0.3791 0.5120 0.6176 0.4367 0.4341 0.6485 0.3377 0.3367 0.2262 0.4454 0.5802 0.5455 0.4503 0.5818 0.3182 0.6057 0.2856 0.3810 0.5922 0.4156 0.5401 0.3907 0.6047 0.4334 0.4251 0.5275 0.3311 
0.5788 0.4578 0.3593 0.3781 0.5135 0.5451 0.4149 0.3438 0.5342 0.4153 0.3969 0.3334 0.4424 0.5209 0.3734 0.5181 0.5121 0.3180 0.5088 0.3646 0.3408 0.4983 0.4007 0.4957 0.3551 0.4952 0.3686 0.4632 0.4931 0.3058 
avg train acc: 0.4657 avg test acc: 0.4349 min train acc: 0.2262(11) min test acc: 0.3058(29)
Attack result:(0.475, 0.4782608695652174, 0.55) (165, 180, 120, 135)
iter 325:
0.5927 0.4998 0.4735 0.3660 0.5938 0.6175 0.4118 0.4049 0.6767 0.3216 0.2873 0.1887 0.4247 0.6287 0.5524 0.4457 0.5861 0.2762 0.5297 0.3994 0.3205 0.6163 0.3996 0.4894 0.3586 0.5926 0.3770 0.4243 0.4767 0.2768 
0.5803 0.4293 0.3278 0.3491 0.5277 0.5405 0.3994 0.3327 0.5537 0.3887 0.3588 0.3088 0.4288 0.5254 0.3514 0.4756 0.5069 0.2982 0.4885 0.3792 0.3304 0.4671 0.3789 0.5231 0.3343 0.4797 0.3573 0.4333 0.4830 0.2840 
avg train acc: 0.4536 avg test acc: 0.4207 min train acc: 0.1887(11) min test acc: 0.2840(29)
Attack result:(0.4633333333333333, 0.4680232558139535, 0.5366666666666666) (161, 183, 117, 139)
iter 350:
0.5899 0.5896 0.4312 0.3500 0.6251 0.6243 0.5151 0.4298 0.7337 0.4087 0.3058 0.2283 0.5029 0.6017 0.5774 0.4591 0.6551 0.3378 0.5531 0.4383 0.3941 0.6297 0.4820 0.5916 0.4094 0.6204 0.4120 0.4127 0.5254 0.2834 
0.5814 0.4771 0.3635 0.3796 0.5516 0.5459 0.4425 0.3638 0.5591 0.4444 0.3845 0.3438 0.4708 0.5359 0.3911 0.5075 0.5349 0.3487 0.5102 0.4414 0.3682 0.5144 0.4309 0.5578 0.3659 0.4992 0.3868 0.4590 0.5156 0.3127 
avg train acc: 0.4906 avg test acc: 0.4529 min train acc: 0.2283(11) min test acc: 0.3127(29)
Attack result:(0.4633333333333333, 0.4685714285714286, 0.5466666666666666) (164, 186, 114, 136)
iter 375:
0.6048 0.5891 0.4711 0.4023 0.6276 0.6390 0.4973 0.4278 0.7277 0.3921 0.3800 0.2727 0.5294 0.6133 0.5667 0.4601 0.6565 0.3631 0.5338 0.4866 0.3416 0.6453 0.4622 0.6495 0.3920 0.5778 0.4194 0.4554 0.5186 0.2760 
0.5962 0.4998 0.3835 0.3925 0.5687 0.5550 0.4487 0.3741 0.5583 0.4647 0.4094 0.3442 0.4874 0.5362 0.3829 0.5156 0.5575 0.3659 0.5103 0.4482 0.3790 0.5255 0.4507 0.5778 0.3776 0.4846 0.3815 0.4720 0.5200 0.3136 
avg train acc: 0.4993 avg test acc: 0.4627 min train acc: 0.2727(11) min test acc: 0.3136(29)
Attack result:(0.4766666666666667, 0.48011363636363635, 0.5633333333333334) (169, 183, 117, 131)
iter 400:
0.6076 0.5786 0.4997 0.4086 0.6774 0.6325 0.5321 0.4002 0.7548 0.4925 0.3397 0.2632 0.5131 0.6542 0.5696 0.4428 0.6351 0.3543 0.5814 0.4302 0.4386 0.6451 0.4717 0.6510 0.3714 0.5416 0.3864 0.4692 0.5453 0.2743 
0.5968 0.4889 0.4084 0.3890 0.5704 0.5571 0.4672 0.3819 0.5887 0.5006 0.4271 0.3395 0.4911 0.5356 0.4015 0.5079 0.5552 0.3785 0.5461 0.4639 0.3855 0.5526 0.4305 0.5652 0.3761 0.4648 0.4021 0.4920 0.5417 0.3181 
avg train acc: 0.5054 avg test acc: 0.4708 min train acc: 0.2632(11) min test acc: 0.3181(29)
Attack result:(0.47, 0.4748603351955307, 0.5666666666666667) (170, 188, 112, 130)
iter 410:
0.6162 0.6103 0.3927 0.4387 0.6575 0.6028 0.5451 0.4798 0.7133 0.4751 0.3704 0.2684 0.5336 0.6728 0.5721 0.4286 0.5862 0.3758 0.5289 0.4715 0.3878 0.6739 0.4442 0.6291 0.4572 0.6013 0.4274 0.4500 0.5513 0.2954 
0.6073 0.5034 0.4070 0.4144 0.5667 0.5491 0.4794 0.3906 0.5914 0.5035 0.4391 0.3437 0.4926 0.5519 0.4180 0.5060 0.5374 0.3938 0.5297 0.4529 0.3788 0.5554 0.4522 0.5685 0.3837 0.4819 0.3932 0.5086 0.5515 0.3194 
avg train acc: 0.5086 avg test acc: 0.4757 min train acc: 0.2684(11) min test acc: 0.3194(29)
Attack result:(0.47833333333333333, 0.48169014084507045, 0.57) (171, 184, 116, 129)
iter 420:
0.6188 0.5927 0.3983 0.4740 0.6538 0.6202 0.5203 0.4840 0.6870 0.4518 0.3829 0.2997 0.5529 0.6646 0.5689 0.4789 0.6159 0.4122 0.5332 0.4694 0.4475 0.7021 0.4523 0.5821 0.4545 0.5609 0.4321 0.4757 0.5423 0.3065 
0.6056 0.4848 0.4075 0.4260 0.5879 0.5591 0.4908 0.3914 0.5941 0.5073 0.4443 0.3577 0.5002 0.5518 0.4164 0.5194 0.5303 0.3959 0.5359 0.4623 0.3818 0.5555 0.4555 0.5673 0.3810 0.4927 0.3827 0.5160 0.5573 0.3295 
avg train acc: 0.5145 avg test acc: 0.4796 min train acc: 0.2997(11) min test acc: 0.3295(29)
Attack result:(0.5216666666666666, 0.5177111716621253, 0.6333333333333333) (190, 177, 123, 110)
iter 430:
0.6102 0.5475 0.4599 0.4076 0.6304 0.6333 0.5481 0.4287 0.7193 0.5046 0.3117 0.2960 0.4877 0.6137 0.5529 0.5004 0.6707 0.3674 0.5800 0.4526 0.4380 0.6830 0.4341 0.5757 0.3928 0.5750 0.4448 0.4263 0.5747 0.3167 
0.6018 0.4903 0.4193 0.4150 0.5692 0.5719 0.4702 0.3881 0.5773 0.5071 0.4449 0.3497 0.5139 0.5498 0.4170 0.5230 0.5471 0.3843 0.5461 0.4647 0.3934 0.5561 0.4386 0.5659 0.3780 0.4895 0.4066 0.4988 0.5532 0.3274 
avg train acc: 0.5061 avg test acc: 0.4786 min train acc: 0.2960(11) min test acc: 0.3274(29)
Attack result:(0.47833333333333333, 0.4822888283378747, 0.59) (177, 190, 110, 123)
iter 440:
0.6280 0.6279 0.4445 0.4416 0.5784 0.6073 0.5558 0.4812 0.7496 0.5245 0.3513 0.3224 0.5379 0.6367 0.5473 0.5009 0.6222 0.3754 0.5604 0.4603 0.4526 0.6177 0.5136 0.5937 0.4534 0.6017 0.4532 0.4551 0.6318 0.3033 
0.6214 0.5150 0.4234 0.4306 0.5778 0.5583 0.4957 0.4062 0.5882 0.5235 0.4564 0.3511 0.4921 0.5703 0.4248 0.5187 0.5479 0.4088 0.5325 0.4527 0.3958 0.5810 0.4705 0.5728 0.4107 0.5014 0.4130 0.5307 0.5652 0.3360 
avg train acc: 0.5210 avg test acc: 0.4891 min train acc: 0.3033(29) min test acc: 0.3360(29)
Attack result:(0.49166666666666664, 0.49318801089918257, 0.6033333333333334) (181, 186, 114, 119)
iter 450:
0.6412 0.5962 0.4140 0.5028 0.6438 0.5931 0.4703 0.4624 0.6927 0.4927 0.4082 0.3394 0.5162 0.6784 0.5440 0.4984 0.6101 0.3995 0.5337 0.4956 0.4532 0.6529 0.4696 0.6029 0.4915 0.6013 0.4347 0.5020 0.6287 0.3213 
0.6215 0.5234 0.4004 0.4408 0.5728 0.5603 0.4714 0.4155 0.5931 0.5173 0.4466 0.3659 0.4811 0.5812 0.4175 0.5153 0.5403 0.4324 0.5258 0.4490 0.3827 0.5642 0.4576 0.5772 0.4092 0.4787 0.4016 0.5267 0.5738 0.3502 
avg train acc: 0.5230 avg test acc: 0.4865 min train acc: 0.3213(29) min test acc: 0.3502(29)
Attack result:(0.47333333333333333, 0.4783783783783784, 0.59) (177, 193, 107, 123)
iter 460:
0.6336 0.5591 0.4889 0.4811 0.6120 0.5840 0.5259 0.4833 0.7382 0.4781 0.3983 0.2766 0.4940 0.6951 0.5558 0.4621 0.5924 0.3798 0.5509 0.4305 0.4115 0.6861 0.4554 0.5986 0.4491 0.5569 0.4175 0.4465 0.6179 0.3274 
0.6157 0.5206 0.4022 0.4329 0.5574 0.5381 0.4798 0.3958 0.5963 0.5182 0.4465 0.3439 0.4959 0.5815 0.4062 0.5047 0.5547 0.4074 0.5409 0.4557 0.3743 0.5527 0.4495 0.5842 0.3797 0.4804 0.3809 0.5272 0.5829 0.3335 
avg train acc: 0.5129 avg test acc: 0.4813 min train acc: 0.2766(11) min test acc: 0.3335(29)
Attack result:(0.495, 0.49586776859504134, 0.6) (180, 183, 117, 120)
iter 470:
0.6342 0.5940 0.4216 0.4455 0.6399 0.6065 0.5780 0.4638 0.7234 0.5416 0.3778 0.2707 0.5310 0.6778 0.5408 0.4879 0.6401 0.3577 0.5723 0.4371 0.4652 0.6762 0.4543 0.5663 0.4021 0.5637 0.4091 0.4010 0.5361 0.3045 
0.6201 0.4953 0.4132 0.4176 0.5710 0.5736 0.4903 0.3788 0.6016 0.5302 0.4457 0.3363 0.5060 0.5666 0.4162 0.5331 0.5433 0.3932 0.5459 0.4519 0.3996 0.5754 0.4262 0.5686 0.3663 0.4756 0.4007 0.4952 0.5750 0.3147 
avg train acc: 0.5107 avg test acc: 0.4809 min train acc: 0.2707(11) min test acc: 0.3147(29)
Attack result:(0.49, 0.4920212765957447, 0.6166666666666667) (185, 191, 109, 115)
iter 480:
0.6429 0.6253 0.4333 0.4144 0.6290 0.6270 0.5573 0.4595 0.7048 0.5507 0.4037 0.2830 0.5242 0.6477 0.5494 0.5148 0.6384 0.3589 0.5440 0.4816 0.4779 0.7053 0.4602 0.5463 0.4420 0.5346 0.4404 0.4477 0.5952 0.2916 
0.6279 0.5031 0.4067 0.4005 0.5741 0.5786 0.4908 0.3833 0.5952 0.5344 0.4604 0.3299 0.5091 0.5566 0.4163 0.5474 0.5406 0.3930 0.5393 0.4679 0.4090 0.5793 0.4434 0.5604 0.3747 0.4517 0.4237 0.5060 0.5479 0.3130 
avg train acc: 0.5177 avg test acc: 0.4821 min train acc: 0.2830(11) min test acc: 0.3130(29)
Attack result:(0.485, 0.488, 0.61) (183, 192, 108, 117)
iter 490:
0.6422 0.5695 0.3759 0.4499 0.6563 0.6638 0.4746 0.4385 0.7140 0.4540 0.3748 0.2958 0.5151 0.6278 0.5219 0.4984 0.6017 0.3499 0.5195 0.5110 0.4158 0.7147 0.4806 0.5069 0.4621 0.5464 0.4608 0.4699 0.5938 0.3253 
0.6204 0.5037 0.3912 0.4168 0.5741 0.5655 0.4818 0.3725 0.6077 0.5223 0.4431 0.3305 0.5014 0.5725 0.3999 0.5295 0.5412 0.3829 0.5442 0.4589 0.3975 0.5627 0.4378 0.5665 0.3678 0.4784 0.4048 0.5026 0.5580 0.3241 
avg train acc: 0.5077 avg test acc: 0.4787 min train acc: 0.2958(11) min test acc: 0.3241(29)
Attack result:(0.505, 0.503957783641161, 0.6366666666666667) (191, 188, 112, 109)
iter 500:
0.6327 0.5715 0.5117 0.4204 0.6389 0.5967 0.4998 0.4654 0.7206 0.5108 0.3374 0.3205 0.5134 0.6233 0.5716 0.4870 0.6329 0.3333 0.5308 0.4326 0.3555 0.6689 0.5073 0.6084 0.4405 0.5781 0.4261 0.4556 0.5352 0.3278 
0.6221 0.4991 0.4038 0.3997 0.5660 0.5488 0.4803 0.3807 0.5908 0.5248 0.4466 0.3298 0.4932 0.5551 0.4087 0.5179 0.5560 0.3801 0.5339 0.4540 0.3966 0.5541 0.4442 0.5755 0.3722 0.4776 0.3944 0.4958 0.5562 0.3191 
avg train acc: 0.5085 avg test acc: 0.4759 min train acc: 0.3205(11) min test acc: 0.3191(29)
Attack result:(0.48, 0.48404255319148937, 0.6066666666666667) (182, 194, 106, 118)
iter 525:
0.6458 0.5887 0.4706 0.4284 0.6141 0.6445 0.5221 0.4422 0.7481 0.5073 0.3281 0.3323 0.5442 0.6231 0.5459 0.4913 0.6239 0.3528 0.5395 0.4985 0.4243 0.6453 0.5118 0.6021 0.4260 0.6147 0.4146 0.4875 0.5660 0.3600 
0.6346 0.5080 0.4002 0.4104 0.5752 0.5778 0.4704 0.3865 0.6092 0.5192 0.4325 0.3534 0.5052 0.5706 0.3865 0.5236 0.5661 0.3868 0.5406 0.4668 0.3907 0.5538 0.4461 0.5877 0.3776 0.5009 0.3910 0.4931 0.5609 0.3345 
avg train acc: 0.5181 avg test acc: 0.4820 min train acc: 0.3281(10) min test acc: 0.3345(29)
Attack result:(0.495, 0.49604221635883905, 0.6266666666666667) (188, 191, 109, 112)
iter 550:
0.6313 0.5745 0.5013 0.4005 0.6198 0.7073 0.4932 0.4489 0.7244 0.4102 0.3537 0.3043 0.5585 0.6964 0.5674 0.5026 0.6207 0.3415 0.5504 0.4235 0.3361 0.6860 0.4295 0.5744 0.4680 0.6115 0.4383 0.4848 0.5612 0.3595 
0.6183 0.5064 0.4322 0.4096 0.5755 0.5857 0.4766 0.3863 0.5923 0.4951 0.4551 0.3604 0.5014 0.5677 0.4143 0.5402 0.5836 0.3829 0.5489 0.4612 0.3978 0.5530 0.4368 0.5787 0.3780 0.5261 0.4228 0.4841 0.5566 0.3369 
avg train acc: 0.5127 avg test acc: 0.4855 min train acc: 0.3043(11) min test acc: 0.3369(29)
Attack result:(0.49166666666666664, 0.4931506849315068, 0.6) (180, 185, 115, 120)
iter 575:
0.6403 0.6135 0.4056 0.4476 0.6298 0.6166 0.5382 0.4772 0.7256 0.4082 0.3736 0.3325 0.5297 0.6672 0.5656 0.5326 0.6639 0.3707 0.5188 0.4775 0.3575 0.6951 0.4911 0.6471 0.4898 0.6554 0.4360 0.4856 0.5862 0.3980 
0.6248 0.5414 0.4177 0.4476 0.5793 0.6006 0.4753 0.4173 0.5974 0.4814 0.4429 0.3883 0.5014 0.5920 0.4238 0.5515 0.5827 0.4111 0.5315 0.4558 0.4000 0.5349 0.4856 0.6020 0.4124 0.5504 0.4207 0.5181 0.5879 0.3676 
avg train acc: 0.5259 avg test acc: 0.4981 min train acc: 0.3325(11) min test acc: 0.3676(29)
Attack result:(0.49166666666666664, 0.49333333333333335, 0.6166666666666667) (185, 190, 110, 115)
iter 600:
0.6549 0.6319 0.4036 0.4526 0.6856 0.6556 0.4742 0.4617 0.7223 0.4079 0.3852 0.3300 0.5435 0.6585 0.5836 0.5282 0.6139 0.4292 0.5493 0.4731 0.4142 0.6871 0.5505 0.5805 0.5195 0.6335 0.4441 0.4737 0.5887 0.4284 
0.6339 0.5513 0.4069 0.4426 0.5977 0.5823 0.4957 0.4197 0.6010 0.4928 0.4552 0.3864 0.5258 0.6043 0.4294 0.5554 0.5428 0.4200 0.5453 0.4725 0.4075 0.5444 0.4934 0.6062 0.4099 0.5498 0.4225 0.5465 0.5927 0.3667 
avg train acc: 0.5322 avg test acc: 0.5033 min train acc: 0.3300(11) min test acc: 0.3667(29)
Attack result:(0.5066666666666667, 0.5052910052910053, 0.6366666666666667) (191, 187, 113, 109)
iter 625:
0.6461 0.5837 0.4788 0.3940 0.6792 0.6961 0.5650 0.4834 0.7392 0.4836 0.4465 0.2616 0.5873 0.6990 0.6080 0.5875 0.6548 0.3832 0.6369 0.5129 0.4378 0.6677 0.5255 0.6732 0.4462 0.6363 0.4858 0.4883 0.5727 0.4322 
0.6293 0.5473 0.4534 0.4192 0.6154 0.6123 0.5435 0.4086 0.6196 0.5372 0.5007 0.3587 0.5636 0.5998 0.4685 0.5795 0.5836 0.4125 0.5816 0.5093 0.4521 0.5954 0.4856 0.6153 0.3960 0.5203 0.4611 0.5315 0.5838 0.3322 
avg train acc: 0.5497 avg test acc: 0.5172 min train acc: 0.2616(11) min test acc: 0.3322(29)
Attack result:(0.48, 0.484375, 0.62) (186, 198, 102, 114)
iter 650:
0.6592 0.5589 0.4175 0.4173 0.6668 0.6177 0.5641 0.4434 0.7543 0.4454 0.3533 0.2799 0.5934 0.7208 0.5828 0.5646 0.6209 0.3717 0.5860 0.4996 0.4711 0.6980 0.5506 0.7125 0.4491 0.6632 0.4357 0.4828 0.5657 0.3997 
0.6414 0.5463 0.4393 0.4329 0.6033 0.5789 0.5320 0.3978 0.6348 0.5187 0.4753 0.3497 0.5502 0.6184 0.4390 0.5632 0.5537 0.4183 0.5677 0.4946 0.4224 0.5787 0.4622 0.5976 0.3773 0.5278 0.4332 0.5221 0.6058 0.3366 
avg train acc: 0.5382 avg test acc: 0.5073 min train acc: 0.2799(11) min test acc: 0.3366(29)
Attack result:(0.485, 0.4884910485933504, 0.6366666666666667) (191, 200, 100, 109)
iter 675:
0.6613 0.5278 0.4366 0.4176 0.6946 0.6731 0.5815 0.4859 0.7381 0.5315 0.4803 0.3618 0.5749 0.7063 0.6096 0.5834 0.5864 0.4272 0.5724 0.4999 0.4590 0.7071 0.4970 0.6971 0.4997 0.6297 0.4579 0.4732 0.5869 0.3965 
0.6355 0.5415 0.4344 0.4220 0.6278 0.6010 0.5329 0.4024 0.6116 0.5486 0.5009 0.3678 0.5526 0.6169 0.4509 0.5867 0.5559 0.4430 0.5548 0.4779 0.4107 0.5959 0.4756 0.5852 0.3981 0.5237 0.4265 0.5406 0.5881 0.3406 
avg train acc: 0.5518 avg test acc: 0.5117 min train acc: 0.3618(11) min test acc: 0.3406(29)
Attack result:(0.495, 0.4959785522788204, 0.6166666666666667) (185, 188, 112, 115)
iter 700:
0.6452 0.5053 0.4655 0.3974 0.7342 0.7013 0.5754 0.4373 0.7753 0.4420 0.4111 0.2413 0.4903 0.6920 0.5810 0.5380 0.5713 0.4376 0.5880 0.5410 0.4828 0.7139 0.4689 0.6903 0.4138 0.5440 0.4130 0.4291 0.5331 0.3621 
0.6378 0.5160 0.4117 0.3933 0.6198 0.5846 0.5201 0.3652 0.6197 0.5312 0.4694 0.3159 0.5259 0.6089 0.4171 0.5621 0.5466 0.3930 0.5785 0.4771 0.4154 0.5852 0.4515 0.5963 0.3472 0.4890 0.4282 0.4796 0.5622 0.2940 
avg train acc: 0.5274 avg test acc: 0.4914 min train acc: 0.2413(11) min test acc: 0.2940(29)
Attack result:(0.5083333333333333, 0.506631299734748, 0.6366666666666667) (191, 186, 114, 109)
iter 725:
0.6582 0.5267 0.4459 0.4236 0.7217 0.6846 0.5802 0.4111 0.7663 0.4585 0.3690 0.2549 0.5207 0.6306 0.5825 0.5448 0.5329 0.4010 0.5692 0.4766 0.3883 0.7086 0.5146 0.7003 0.4095 0.6294 0.4266 0.4795 0.5908 0.3820 
0.6476 0.5080 0.3959 0.4093 0.6291 0.5708 0.4954 0.3732 0.6171 0.5108 0.4511 0.3306 0.5141 0.6050 0.4159 0.5648 0.5236 0.3903 0.5632 0.4526 0.4049 0.5724 0.4618 0.5782 0.3580 0.5114 0.4235 0.5060 0.5694 0.3070 
avg train acc: 0.5263 avg test acc: 0.4887 min train acc: 0.2549(11) min test acc: 0.3070(29)
Attack result:(0.49833333333333335, 0.4987146529562982, 0.6466666666666666) (194, 195, 105, 106)
iter 750:
0.6622 0.5703 0.4796 0.4452 0.7147 0.6699 0.5381 0.4452 0.7727 0.4139 0.3266 0.2602 0.5707 0.6430 0.5854 0.5729 0.5901 0.3614 0.5849 0.4849 0.4049 0.6802 0.5317 0.7027 0.3910 0.6089 0.4417 0.4006 0.5572 0.3855 
0.6429 0.4985 0.4080 0.3977 0.6225 0.5925 0.4897 0.3685 0.6295 0.4852 0.4331 0.3312 0.5319 0.5988 0.4215 0.5651 0.5338 0.3834 0.5842 0.4825 0.4115 0.5657 0.4530 0.5691 0.3442 0.5051 0.4289 0.4752 0.5480 0.2989 
avg train acc: 0.5266 avg test acc: 0.4867 min train acc: 0.2602(11) min test acc: 0.2989(29)
Attack result:(0.48, 0.4846153846153846, 0.63) (189, 201, 99, 111)
iter 775:
0.6597 0.5055 0.5292 0.4118 0.6835 0.7208 0.5373 0.4428 0.7725 0.4396 0.3876 0.2658 0.5598 0.6836 0.6011 0.5455 0.6234 0.3907 0.6059 0.5190 0.4152 0.6785 0.5115 0.7270 0.4291 0.6326 0.4769 0.5025 0.5763 0.3668 
0.6479 0.4935 0.4330 0.3865 0.6166 0.5977 0.4992 0.3824 0.6396 0.5028 0.4670 0.3327 0.5417 0.6003 0.4542 0.5650 0.5647 0.3687 0.5775 0.4859 0.4242 0.5612 0.4610 0.5920 0.3548 0.5231 0.4539 0.4931 0.5551 0.3107 
avg train acc: 0.5401 avg test acc: 0.4962 min train acc: 0.2658(11) min test acc: 0.3107(29)
Attack result:(0.4816666666666667, 0.486284289276808, 0.65) (195, 206, 94, 105)
iter 800:
0.6671 0.5276 0.4760 0.3846 0.6684 0.6453 0.5079 0.4494 0.7939 0.4667 0.3585 0.2807 0.6029 0.7108 0.5959 0.5670 0.6401 0.3790 0.5578 0.4805 0.3780 0.6918 0.4831 0.7225 0.4893 0.6498 0.4691 0.4599 0.5918 0.3749 
0.6511 0.5096 0.4239 0.3848 0.6132 0.5941 0.4927 0.3917 0.6310 0.4868 0.4629 0.3427 0.5455 0.6185 0.4475 0.5833 0.5649 0.3798 0.5684 0.4681 0.4092 0.5656 0.4634 0.5834 0.3738 0.5402 0.4405 0.5197 0.5724 0.3099 
avg train acc: 0.5357 avg test acc: 0.4979 min train acc: 0.2807(11) min test acc: 0.3099(29)
Attack result:(0.4766666666666667, 0.48223350253807107, 0.6333333333333333) (190, 204, 96, 110)
***** Best Attack Result ********
{
    "iter": 420,
    "attack_metric": [
        0.5216666666666666,
        0.5177111716621253,
        0.6333333333333333
    ],
    "pred_distribution": [
        190,
        177,
        123,
        110
    ]
}
