************* DL Setting *************
   Seed = 3407
   Setting = s6
   Graph = regular30_15
   Number of Attacker = 1
   Sample per user/ Num of Cover = 4166
   Num of member/non-member = 500
   Normal User Batch size = 128
   Attacker Batch size = 256
   Attack = norm
   Defense = trim
   data distribution = non-iid
   Init LR = 0.01
   LR Decay = [800]
   Max Iter = 800
   Normal Train Iter = 200
**************************************
iter 25:
0.1304 0.2559 0.3815 0.2125 0.1586 0.2699 0.1676 0.1916 0.2523 0.2634 0.2153 0.1811 0.3510 0.2269 0.1743 0.1191 0.3107 0.2509 0.1978 0.4421 0.2977 0.2204 0.2427 0.3867 0.1890 0.3343 0.2798 0.2631 0.4426 0.2605 
0.1227 0.1363 0.0834 0.0939 0.0929 0.0823 0.1136 0.1052 0.1149 0.0932 0.1072 0.0951 0.1008 0.1170 0.1017 0.1167 0.1152 0.1082 0.1052 0.1188 0.1083 0.1300 0.1414 0.0877 0.1027 0.0929 0.1142 0.1194 0.0787 0.1072 
avg train acc: 0.2557 avg test acc: 0.1069 min train acc: 0.1191(15) min test acc: 0.0787(28)
Attack result:(0.495, 0.47572815533980584, 0.098) (49, 54, 446, 451)
iter 50:
0.2726 0.3368 0.1380 0.3830 0.2130 0.3479 0.2306 0.3537 0.4225 0.2463 0.2930 0.0675 0.3319 0.4953 0.3675 0.2717 0.2816 0.1788 0.3624 0.2560 0.2397 0.3383 0.2588 0.4768 0.2723 0.3822 0.2450 0.2977 0.5230 0.2916 
0.2669 0.2673 0.1844 0.2134 0.2360 0.2524 0.2337 0.1940 0.2733 0.2060 0.2404 0.1373 0.2191 0.2740 0.2191 0.2604 0.2443 0.1714 0.2533 0.1864 0.1490 0.2253 0.2264 0.2512 0.2069 0.2368 0.1764 0.2540 0.2511 0.1755 
avg train acc: 0.3059 avg test acc: 0.2228 min train acc: 0.0675(11) min test acc: 0.1373(11)
Attack result:(0.486, 0.472, 0.236) (118, 132, 368, 382)
iter 75:
0.3448 0.3902 0.2107 0.2848 0.3293 0.4545 0.3247 0.3916 0.5534 0.3435 0.3271 0.0861 0.4084 0.5113 0.4633 0.3573 0.3916 0.1987 0.4398 0.4086 0.3443 0.4019 0.3811 0.4454 0.3334 0.3696 0.3042 0.4014 0.5387 0.1916 
0.3405 0.3247 0.2347 0.2457 0.3270 0.3607 0.3010 0.2188 0.3689 0.2836 0.3031 0.1774 0.3315 0.3491 0.2886 0.3555 0.3229 0.2095 0.3445 0.2981 0.2073 0.3141 0.2807 0.3482 0.2242 0.2983 0.2659 0.3368 0.3399 0.1668 
avg train acc: 0.3644 avg test acc: 0.2923 min train acc: 0.0861(11) min test acc: 0.1668(29)
Attack result:(0.479, 0.4662379421221865, 0.29) (145, 166, 334, 355)
iter 100:
0.3927 0.4752 0.3397 0.4445 0.4217 0.4900 0.3502 0.4469 0.4527 0.4384 0.3781 0.1450 0.3995 0.5484 0.4730 0.4127 0.4392 0.2238 0.4145 0.4281 0.3735 0.4818 0.4158 0.4045 0.4191 0.4312 0.3838 0.4379 0.5410 0.2207 
0.3957 0.3833 0.2771 0.2976 0.3764 0.4111 0.3458 0.2519 0.3996 0.3505 0.3562 0.2390 0.3674 0.3877 0.3389 0.4163 0.3731 0.2692 0.3854 0.3293 0.2405 0.3769 0.3256 0.3905 0.2666 0.3604 0.3143 0.3772 0.3869 0.2029 
avg train acc: 0.4075 avg test acc: 0.3398 min train acc: 0.1450(11) min test acc: 0.2029(29)
Attack result:(0.493, 0.4910025706940874, 0.382) (191, 198, 302, 309)
iter 125:
0.4191 0.5081 0.3446 0.4419 0.4155 0.4756 0.4544 0.4133 0.4841 0.3614 0.3911 0.1866 0.4756 0.5599 0.4588 0.4557 0.4858 0.2826 0.4546 0.5160 0.4470 0.4722 0.4359 0.5025 0.3671 0.4929 0.4607 0.3996 0.6181 0.2025 
0.4206 0.4328 0.3452 0.3315 0.4012 0.4395 0.4088 0.2694 0.4413 0.4019 0.3989 0.2735 0.4141 0.4371 0.3993 0.4517 0.4181 0.2958 0.4245 0.3591 0.2809 0.4209 0.3363 0.4345 0.2859 0.3954 0.3475 0.3889 0.4364 0.2071 
avg train acc: 0.4328 avg test acc: 0.3766 min train acc: 0.1866(11) min test acc: 0.2071(29)
Attack result:(0.478, 0.4720812182741117, 0.372) (186, 208, 292, 314)
iter 150:
0.4611 0.5649 0.4192 0.5312 0.4387 0.5082 0.4723 0.4698 0.5176 0.4747 0.4016 0.2175 0.5130 0.6099 0.4764 0.4667 0.4148 0.3497 0.4865 0.5037 0.4369 0.4955 0.4527 0.5039 0.4304 0.5584 0.4899 0.5020 0.6429 0.2818 
0.4509 0.4671 0.3520 0.3988 0.4327 0.4510 0.4543 0.3417 0.4672 0.4404 0.4116 0.3345 0.4349 0.4811 0.4134 0.4758 0.4130 0.3801 0.4603 0.3865 0.3177 0.4449 0.4053 0.4705 0.3367 0.4413 0.3665 0.4262 0.4736 0.2708 
avg train acc: 0.4697 avg test acc: 0.4134 min train acc: 0.2175(11) min test acc: 0.2708(29)
Attack result:(0.495, 0.4942528735632184, 0.43) (215, 220, 280, 285)
iter 175:
0.4815 0.5837 0.4455 0.5205 0.4584 0.5552 0.5035 0.5072 0.5975 0.5053 0.4201 0.2030 0.5388 0.6341 0.4696 0.5167 0.4873 0.3625 0.5134 0.5252 0.4873 0.5367 0.4885 0.6206 0.3923 0.5844 0.5167 0.4994 0.6561 0.3442 
0.4674 0.4893 0.3792 0.4336 0.4624 0.4817 0.4741 0.3922 0.4977 0.4699 0.4516 0.3381 0.4757 0.4895 0.4523 0.5161 0.4379 0.4142 0.4836 0.4223 0.3549 0.4716 0.4388 0.4866 0.3440 0.4459 0.4020 0.4473 0.5054 0.3159 
avg train acc: 0.4985 avg test acc: 0.4414 min train acc: 0.2030(11) min test acc: 0.3159(29)
Attack result:(0.485, 0.4838012958963283, 0.448) (224, 239, 261, 276)
iter 200:
0.4938 0.6211 0.4505 0.5420 0.4980 0.5642 0.5809 0.5211 0.5914 0.5464 0.4391 0.1776 0.5901 0.6345 0.4931 0.5492 0.4707 0.3343 0.5460 0.4995 0.4773 0.5899 0.5005 0.5910 0.4401 0.5891 0.4909 0.5169 0.6670 0.3977 
0.4783 0.5034 0.3730 0.4606 0.4834 0.5047 0.5109 0.4245 0.5296 0.4904 0.4978 0.2970 0.4886 0.5241 0.4990 0.5283 0.4353 0.4029 0.4991 0.4103 0.3593 0.4977 0.4628 0.4872 0.3588 0.4482 0.4169 0.4686 0.5253 0.3447 
avg train acc: 0.5135 avg test acc: 0.4570 min train acc: 0.1776(11) min test acc: 0.2970(11)
Attack result:(0.491, 0.4906054279749478, 0.47) (235, 244, 256, 265)
iter 225:
0.5178 0.5318 0.2890 0.4521 0.5808 0.5469 0.5780 0.4347 0.6700 0.5339 0.4907 0.1543 0.5699 0.6862 0.5929 0.5396 0.4979 0.2882 0.5964 0.3860 0.4560 0.5916 0.4004 0.5752 0.4057 0.6026 0.4104 0.5146 0.5879 0.1987 
0.5107 0.5135 0.3547 0.3969 0.5216 0.5275 0.5305 0.3276 0.5540 0.5115 0.4628 0.2366 0.4787 0.5509 0.4656 0.5222 0.4632 0.3182 0.5006 0.3788 0.2946 0.5236 0.4059 0.4758 0.2956 0.4405 0.3614 0.4764 0.5279 0.2279 
avg train acc: 0.4893 avg test acc: 0.4385 min train acc: 0.1543(11) min test acc: 0.2279(29)
Attack result:(0.495, 0.49498997995991983, 0.494) (247, 252, 248, 253)
iter 250:
0.5590 0.5736 0.3657 0.4649 0.5277 0.5280 0.5716 0.4647 0.6749 0.5321 0.5019 0.3217 0.5953 0.6979 0.5868 0.5609 0.5838 0.4008 0.5736 0.5170 0.4831 0.6206 0.4805 0.6127 0.4942 0.6248 0.4401 0.5002 0.6632 0.2714 
0.5386 0.5419 0.3926 0.4371 0.5239 0.5254 0.5102 0.3561 0.5519 0.5081 0.4701 0.3174 0.5300 0.5453 0.4554 0.5379 0.4866 0.3918 0.5265 0.4481 0.3247 0.5083 0.4599 0.5198 0.3701 0.4971 0.3882 0.5202 0.5454 0.2767 
avg train acc: 0.5264 avg test acc: 0.4668 min train acc: 0.2714(29) min test acc: 0.2767(29)
Attack result:(0.51, 0.5094339622641509, 0.54) (270, 260, 240, 230)
iter 275:
0.5732 0.6115 0.4189 0.4761 0.5644 0.5557 0.5723 0.5234 0.7123 0.5734 0.5601 0.4141 0.6028 0.7068 0.5548 0.5567 0.6013 0.4260 0.6245 0.5487 0.4994 0.6182 0.5302 0.5516 0.5464 0.6375 0.4599 0.5517 0.6864 0.3175 
0.5534 0.5574 0.4557 0.4742 0.5420 0.5516 0.5380 0.4128 0.5725 0.5254 0.4990 0.3936 0.5457 0.5622 0.4791 0.5475 0.4970 0.4225 0.5570 0.4903 0.4067 0.5235 0.4824 0.5033 0.4388 0.5261 0.4532 0.5506 0.5613 0.3400 
avg train acc: 0.5525 avg test acc: 0.4988 min train acc: 0.3175(29) min test acc: 0.3400(29)
Attack result:(0.507, 0.5062611806797853, 0.566) (283, 276, 224, 217)
iter 300:
0.5694 0.6213 0.3930 0.4274 0.5453 0.5550 0.5519 0.5123 0.6153 0.5578 0.5699 0.3372 0.5467 0.6192 0.6369 0.5929 0.4874 0.3534 0.5665 0.4537 0.3328 0.6258 0.5277 0.4898 0.5091 0.4412 0.4349 0.5363 0.7032 0.3494 
0.5497 0.5315 0.4478 0.4757 0.4937 0.5072 0.4983 0.4166 0.5533 0.5238 0.5144 0.3607 0.4927 0.5250 0.4948 0.5575 0.4200 0.3768 0.5275 0.4509 0.3863 0.5298 0.4564 0.4218 0.4486 0.4432 0.4432 0.5503 0.5705 0.3593 
avg train acc: 0.5154 avg test acc: 0.4776 min train acc: 0.3328(20) min test acc: 0.3593(29)
Attack result:(0.508, 0.5073529411764706, 0.552) (276, 268, 232, 224)
iter 325:
0.5680 0.5841 0.4984 0.4694 0.5390 0.4918 0.5631 0.5238 0.6421 0.6050 0.5361 0.3248 0.4964 0.6196 0.6360 0.6019 0.3612 0.3221 0.5862 0.4846 0.3000 0.6609 0.4673 0.4668 0.5215 0.4084 0.4461 0.5882 0.6986 0.3890 
0.5442 0.4824 0.4400 0.4920 0.4965 0.4574 0.4968 0.4577 0.5314 0.5458 0.5117 0.3654 0.4879 0.5184 0.4940 0.5637 0.3738 0.3410 0.5336 0.4508 0.4068 0.5350 0.4321 0.3771 0.4492 0.4029 0.4477 0.5677 0.5657 0.3584 
avg train acc: 0.5134 avg test acc: 0.4709 min train acc: 0.3000(20) min test acc: 0.3410(17)
Attack result:(0.517, 0.5155393053016454, 0.564) (282, 265, 235, 218)
iter 350:
0.5926 0.6465 0.5004 0.5401 0.6073 0.5826 0.6477 0.6150 0.6336 0.6204 0.5606 0.3913 0.5598 0.6622 0.5975 0.5960 0.4639 0.4288 0.6364 0.5597 0.3501 0.6715 0.5516 0.5580 0.5329 0.5210 0.4787 0.5902 0.7210 0.4498 
0.5667 0.5265 0.4679 0.5137 0.5512 0.5019 0.5381 0.5126 0.5556 0.5462 0.5237 0.4142 0.5215 0.5425 0.5283 0.5721 0.4425 0.4206 0.5690 0.4907 0.4525 0.5753 0.5008 0.4580 0.4792 0.4596 0.4689 0.5673 0.5795 0.4033 
avg train acc: 0.5622 avg test acc: 0.5083 min train acc: 0.3501(20) min test acc: 0.4033(29)
Attack result:(0.503, 0.5026642984014209, 0.566) (283, 280, 220, 217)
iter 375:
0.6251 0.6615 0.5390 0.5727 0.5537 0.6227 0.6254 0.6137 0.6725 0.5834 0.5388 0.3962 0.5881 0.6875 0.6436 0.6187 0.6115 0.5175 0.6366 0.5865 0.3923 0.6738 0.6314 0.6319 0.5838 0.5774 0.5337 0.6673 0.7094 0.4699 
0.5957 0.5518 0.5164 0.5220 0.5770 0.5468 0.5748 0.5420 0.5712 0.5626 0.5476 0.4556 0.5406 0.5667 0.5543 0.5963 0.5207 0.4596 0.5741 0.5094 0.4873 0.5834 0.5585 0.5415 0.5289 0.5150 0.5009 0.5836 0.5811 0.4446 
avg train acc: 0.5922 avg test acc: 0.5403 min train acc: 0.3923(20) min test acc: 0.4446(29)
Attack result:(0.488, 0.4900332225913621, 0.59) (295, 307, 193, 205)
iter 400:
0.6163 0.6785 0.5148 0.5692 0.6497 0.6124 0.6624 0.6169 0.6978 0.6110 0.5939 0.4052 0.6135 0.6845 0.6253 0.6134 0.6197 0.4649 0.6902 0.5813 0.3914 0.6743 0.5843 0.6874 0.5139 0.5802 0.5384 0.6165 0.7069 0.4727 
0.5922 0.5401 0.5260 0.5077 0.6043 0.5372 0.5952 0.5443 0.5902 0.5656 0.5663 0.4673 0.5696 0.5762 0.5622 0.5858 0.5395 0.4926 0.5938 0.5228 0.5049 0.6024 0.5581 0.5801 0.5226 0.5529 0.5166 0.5760 0.5865 0.4472 
avg train acc: 0.5962 avg test acc: 0.5509 min train acc: 0.3914(20) min test acc: 0.4472(29)
Attack result:(0.476, 0.47959183673469385, 0.564) (282, 306, 194, 218)
iter 410:
0.6260 0.6836 0.5102 0.6119 0.6204 0.6580 0.6877 0.6498 0.6865 0.5416 0.5939 0.3712 0.6279 0.6561 0.5849 0.6214 0.5849 0.5120 0.6782 0.6485 0.3797 0.6447 0.6139 0.6669 0.5759 0.6228 0.5590 0.6849 0.7051 0.5141 
0.5978 0.5680 0.5333 0.5169 0.5997 0.5614 0.6000 0.5454 0.5961 0.5613 0.5558 0.4619 0.5776 0.5865 0.5612 0.5873 0.5426 0.5055 0.5903 0.5413 0.4935 0.5893 0.5827 0.6138 0.5334 0.5750 0.5077 0.5730 0.5894 0.4629 
avg train acc: 0.6041 avg test acc: 0.5570 min train acc: 0.3712(11) min test acc: 0.4619(11)
Attack result:(0.49, 0.4917763157894737, 0.598) (299, 309, 191, 201)
iter 420:
0.6360 0.6660 0.6288 0.5929 0.6021 0.6354 0.6728 0.6392 0.6580 0.5216 0.5881 0.3776 0.6279 0.7013 0.5552 0.6514 0.6200 0.5159 0.6541 0.6295 0.4099 0.6252 0.6003 0.6718 0.5825 0.5896 0.6179 0.6649 0.7182 0.4905 
0.6070 0.5557 0.5353 0.5163 0.5913 0.5655 0.5861 0.5363 0.6022 0.5497 0.5679 0.4633 0.5838 0.5859 0.5692 0.5951 0.5738 0.5244 0.6014 0.5474 0.5001 0.5719 0.5805 0.6083 0.5311 0.5724 0.5152 0.5619 0.5847 0.4430 
avg train acc: 0.6048 avg test acc: 0.5576 min train acc: 0.3776(11) min test acc: 0.4430(29)
Attack result:(0.497, 0.49754500818330605, 0.608) (304, 307, 193, 196)
iter 430:
0.6317 0.6924 0.5175 0.5879 0.6053 0.6337 0.6894 0.6569 0.6400 0.5597 0.5881 0.4045 0.6016 0.6726 0.5983 0.6380 0.6587 0.5383 0.6895 0.6099 0.4528 0.6468 0.5938 0.6955 0.5900 0.6041 0.6014 0.6370 0.7228 0.4898 
0.6083 0.5588 0.5347 0.5093 0.6049 0.5826 0.6039 0.5445 0.5999 0.5634 0.5890 0.4838 0.5799 0.5746 0.5743 0.6082 0.5654 0.5469 0.6023 0.5500 0.4946 0.6015 0.5923 0.6188 0.5472 0.5700 0.5161 0.5822 0.5821 0.4631 
avg train acc: 0.6083 avg test acc: 0.5651 min train acc: 0.4045(11) min test acc: 0.4631(29)
Attack result:(0.481, 0.48465266558966075, 0.6) (300, 319, 181, 200)
iter 440:
0.6530 0.7196 0.5077 0.6177 0.6028 0.6126 0.6464 0.6747 0.6988 0.5291 0.5799 0.3863 0.6601 0.7253 0.5272 0.6512 0.6590 0.5576 0.7027 0.6448 0.4883 0.6296 0.6045 0.6633 0.6010 0.6285 0.6057 0.6465 0.7132 0.4887 
0.6178 0.5663 0.5303 0.5284 0.5912 0.5803 0.6064 0.5677 0.6200 0.5541 0.5788 0.4858 0.5971 0.5987 0.5717 0.5953 0.5656 0.5637 0.6045 0.5571 0.5067 0.5810 0.6055 0.6215 0.5648 0.6114 0.5237 0.5906 0.6029 0.4960 
avg train acc: 0.6142 avg test acc: 0.5728 min train acc: 0.3863(11) min test acc: 0.4858(11)
Attack result:(0.485, 0.4878444084278768, 0.602) (301, 316, 184, 199)
iter 450:
0.6312 0.6968 0.5853 0.6014 0.5834 0.6599 0.6583 0.6276 0.6929 0.4748 0.6626 0.3641 0.6612 0.7134 0.5558 0.6619 0.6905 0.5191 0.6886 0.6727 0.5552 0.6647 0.6208 0.6447 0.6139 0.6520 0.6615 0.6453 0.6687 0.4803 
0.6075 0.5912 0.5524 0.5199 0.6010 0.5982 0.6144 0.5297 0.6254 0.5669 0.5883 0.4583 0.6160 0.5841 0.6028 0.6020 0.5864 0.5570 0.6141 0.5694 0.5238 0.5800 0.5987 0.5996 0.5560 0.6032 0.5397 0.5741 0.5960 0.4803 
avg train acc: 0.6203 avg test acc: 0.5745 min train acc: 0.3641(11) min test acc: 0.4583(11)
Attack result:(0.487, 0.4894308943089431, 0.602) (301, 314, 186, 199)
iter 460:
0.6440 0.7018 0.5691 0.6189 0.5935 0.6325 0.6606 0.6255 0.7029 0.4870 0.6475 0.3972 0.7001 0.7009 0.5419 0.6829 0.6581 0.5508 0.6672 0.6607 0.5356 0.6573 0.6320 0.6220 0.6123 0.6325 0.6351 0.6277 0.6919 0.4327 
0.6155 0.5900 0.5376 0.5006 0.5783 0.6095 0.6167 0.5047 0.6360 0.5640 0.5939 0.4568 0.6201 0.5937 0.5917 0.6107 0.5813 0.5718 0.6237 0.5917 0.5239 0.5852 0.5823 0.5950 0.5524 0.5928 0.5430 0.5699 0.5887 0.4550 
avg train acc: 0.6174 avg test acc: 0.5726 min train acc: 0.3972(11) min test acc: 0.4550(29)
Attack result:(0.488, 0.49029126213592233, 0.606) (303, 315, 185, 197)
iter 470:
0.6443 0.7133 0.5294 0.6348 0.5319 0.6032 0.6584 0.6702 0.6656 0.5631 0.6331 0.3981 0.7307 0.7011 0.4525 0.6651 0.6804 0.5152 0.6719 0.6852 0.5205 0.6099 0.6325 0.6523 0.6573 0.6670 0.5965 0.6561 0.7068 0.4208 
0.6141 0.5754 0.5227 0.5247 0.5552 0.6047 0.6017 0.5450 0.6275 0.5612 0.5839 0.4361 0.6181 0.5928 0.5763 0.6119 0.5674 0.5949 0.6180 0.5678 0.5186 0.5890 0.6066 0.5871 0.5708 0.6051 0.5332 0.6032 0.6074 0.4990 
avg train acc: 0.6156 avg test acc: 0.5740 min train acc: 0.3981(11) min test acc: 0.4361(11)
Attack result:(0.492, 0.4936102236421725, 0.618) (309, 317, 183, 191)
iter 480:
0.6338 0.7507 0.5082 0.6035 0.5947 0.5679 0.6322 0.6438 0.7120 0.5369 0.6553 0.3958 0.7181 0.6974 0.4238 0.6480 0.6741 0.5063 0.6554 0.6696 0.5317 0.6462 0.6551 0.6373 0.6648 0.6886 0.6213 0.6070 0.7143 0.3652 
0.6103 0.6050 0.4796 0.5316 0.5562 0.5928 0.6051 0.5128 0.6324 0.5443 0.5686 0.4487 0.6147 0.6125 0.5781 0.6004 0.5424 0.5845 0.6042 0.5548 0.5013 0.5840 0.5950 0.5588 0.5442 0.5908 0.5189 0.5798 0.6096 0.4880 
avg train acc: 0.6120 avg test acc: 0.5650 min train acc: 0.3652(29) min test acc: 0.4487(11)
Attack result:(0.499, 0.4991922455573506, 0.618) (309, 310, 190, 191)
iter 490:
0.6523 0.7290 0.5359 0.5841 0.5274 0.6139 0.6346 0.6314 0.7432 0.5534 0.6217 0.3712 0.6996 0.7098 0.4453 0.6429 0.6679 0.5387 0.6728 0.7136 0.5739 0.6093 0.6207 0.6439 0.6551 0.6513 0.6273 0.6150 0.7507 0.3425 
0.6233 0.6140 0.4590 0.5071 0.5564 0.5970 0.5896 0.5172 0.6352 0.5411 0.5374 0.4034 0.6279 0.6058 0.5907 0.6023 0.5472 0.5921 0.6289 0.5736 0.4974 0.5868 0.5883 0.5609 0.5419 0.5516 0.5239 0.5996 0.6163 0.4633 
avg train acc: 0.6126 avg test acc: 0.5626 min train acc: 0.3425(29) min test acc: 0.4034(11)
Attack result:(0.505, 0.5039619651347068, 0.636) (318, 313, 187, 182)
iter 500:
0.6263 0.7457 0.5770 0.6080 0.5701 0.6081 0.6469 0.6224 0.7504 0.5645 0.5907 0.3769 0.7074 0.6745 0.4741 0.6571 0.6985 0.4656 0.6630 0.6961 0.5882 0.6299 0.6142 0.6659 0.6122 0.6623 0.6274 0.6140 0.7234 0.2966 
0.6031 0.6142 0.4571 0.4912 0.5669 0.5970 0.6036 0.4950 0.6307 0.5668 0.5551 0.3977 0.6336 0.5804 0.5948 0.6182 0.5526 0.5650 0.6389 0.5756 0.5162 0.5932 0.5636 0.5668 0.5139 0.5234 0.5263 0.5826 0.5998 0.4340 
avg train acc: 0.6119 avg test acc: 0.5586 min train acc: 0.2966(29) min test acc: 0.3977(11)
Attack result:(0.5, 0.5, 0.618) (309, 309, 191, 191)
iter 525:
0.6340 0.7499 0.5710 0.5981 0.6425 0.6379 0.7000 0.6344 0.7379 0.6395 0.5501 0.4340 0.7090 0.7111 0.5232 0.6761 0.6817 0.5568 0.6950 0.7039 0.6539 0.6289 0.6446 0.6720 0.5921 0.6770 0.6195 0.6022 0.7625 0.3548 
0.6219 0.6390 0.4514 0.5348 0.5981 0.6032 0.6143 0.5232 0.6557 0.5760 0.5304 0.4495 0.6329 0.6299 0.5874 0.6160 0.5519 0.5890 0.6407 0.5884 0.5111 0.6123 0.5973 0.5883 0.5298 0.5509 0.5315 0.6148 0.6437 0.4394 
avg train acc: 0.6331 avg test acc: 0.5751 min train acc: 0.3548(29) min test acc: 0.4394(29)
Attack result:(0.49, 0.49198717948717946, 0.614) (307, 317, 183, 193)
iter 550:
0.6235 0.7458 0.6112 0.5997 0.6486 0.6453 0.7111 0.6330 0.7524 0.6723 0.6007 0.4014 0.7311 0.7387 0.5710 0.6895 0.6658 0.5221 0.7102 0.6855 0.6305 0.6922 0.6415 0.6776 0.5944 0.7023 0.6081 0.6438 0.7609 0.3758 
0.6065 0.6412 0.4888 0.5285 0.6160 0.6232 0.6244 0.5144 0.6638 0.6132 0.5711 0.4562 0.6347 0.6294 0.6062 0.6302 0.5697 0.5733 0.6491 0.5962 0.5227 0.6288 0.5898 0.6123 0.5264 0.5612 0.5481 0.6109 0.6458 0.4358 
avg train acc: 0.6429 avg test acc: 0.5839 min train acc: 0.3758(29) min test acc: 0.4358(29)
Attack result:(0.487, 0.48932676518883417, 0.596) (298, 311, 189, 202)
iter 575:
0.6353 0.7101 0.5173 0.6387 0.6043 0.6092 0.6728 0.6223 0.7560 0.6603 0.4991 0.4054 0.6868 0.7569 0.6079 0.6697 0.6584 0.5493 0.6755 0.6344 0.5969 0.6647 0.6384 0.7306 0.5914 0.7030 0.5468 0.5908 0.7431 0.3823 
0.6129 0.6539 0.4787 0.5475 0.6175 0.6269 0.6054 0.5120 0.6532 0.5824 0.5440 0.4395 0.6200 0.6369 0.5742 0.6349 0.5634 0.5633 0.6338 0.5742 0.4852 0.6058 0.5958 0.6222 0.5151 0.5641 0.5107 0.6198 0.6566 0.4251 
avg train acc: 0.6253 avg test acc: 0.5758 min train acc: 0.3823(29) min test acc: 0.4251(29)
Attack result:(0.488, 0.4896907216494845, 0.57) (285, 297, 203, 215)
iter 600:
0.6188 0.7272 0.4409 0.5979 0.6833 0.5597 0.6656 0.5665 0.7481 0.6021 0.5382 0.3533 0.6599 0.7496 0.6276 0.6768 0.6549 0.5074 0.6665 0.5662 0.5319 0.7307 0.6455 0.6675 0.5577 0.6667 0.5296 0.6120 0.7582 0.3800 
0.6103 0.6476 0.4493 0.5419 0.6065 0.6145 0.6067 0.4841 0.6452 0.5990 0.5427 0.4000 0.6221 0.6421 0.5584 0.6434 0.5378 0.5308 0.6294 0.5513 0.4453 0.6012 0.5648 0.6293 0.4771 0.5612 0.4899 0.6117 0.6583 0.3873 
avg train acc: 0.6097 avg test acc: 0.5630 min train acc: 0.3533(11) min test acc: 0.3873(29)
Attack result:(0.484, 0.48639455782312924, 0.572) (286, 302, 198, 214)
iter 625:
0.6275 0.7307 0.4659 0.5646 0.6845 0.6077 0.6677 0.5792 0.7862 0.6697 0.5779 0.3474 0.6199 0.7351 0.7061 0.6988 0.6647 0.4556 0.6968 0.5690 0.5443 0.7475 0.6205 0.6510 0.5469 0.6723 0.5348 0.6092 0.7343 0.4337 
0.6064 0.6405 0.4864 0.5513 0.5945 0.6252 0.6183 0.4784 0.6419 0.6279 0.5696 0.4110 0.6028 0.6277 0.5708 0.6550 0.5552 0.4863 0.6395 0.5564 0.4716 0.6367 0.5546 0.6207 0.4843 0.5482 0.5069 0.6145 0.6638 0.3874 
avg train acc: 0.6183 avg test acc: 0.5678 min train acc: 0.3474(11) min test acc: 0.3874(29)
Attack result:(0.493, 0.494195688225539, 0.596) (298, 305, 195, 202)
iter 650:
0.6455 0.7686 0.5113 0.5799 0.6917 0.6285 0.6782 0.5973 0.7336 0.6634 0.5774 0.3781 0.6199 0.7338 0.7375 0.6881 0.6450 0.4499 0.6877 0.6135 0.5483 0.7382 0.6050 0.6245 0.5926 0.6209 0.5546 0.5981 0.7628 0.5005 
0.6305 0.6351 0.5148 0.5716 0.6034 0.6286 0.6123 0.4941 0.6369 0.6403 0.5977 0.4432 0.6185 0.6148 0.5964 0.6521 0.5665 0.4721 0.6423 0.5561 0.4690 0.6414 0.5321 0.6038 0.5037 0.5541 0.5391 0.6102 0.6731 0.4271 
avg train acc: 0.6258 avg test acc: 0.5760 min train acc: 0.3781(11) min test acc: 0.4271(29)
Attack result:(0.479, 0.4832, 0.604) (302, 323, 177, 198)
iter 675:
0.6529 0.7509 0.5661 0.5748 0.6461 0.6459 0.6766 0.6009 0.7354 0.6696 0.6565 0.4189 0.5727 0.7067 0.7298 0.7208 0.6374 0.4371 0.6722 0.6068 0.5170 0.7415 0.5915 0.6140 0.5971 0.6257 0.5587 0.6390 0.8035 0.5220 
0.6395 0.6390 0.5190 0.5864 0.5821 0.6371 0.6077 0.5136 0.6136 0.6399 0.5936 0.4937 0.5963 0.5988 0.5907 0.6483 0.5819 0.4762 0.6209 0.5253 0.4679 0.6359 0.5279 0.6017 0.5269 0.5649 0.5308 0.6064 0.6747 0.4591 
avg train acc: 0.6296 avg test acc: 0.5767 min train acc: 0.4189(11) min test acc: 0.4591(29)
Attack result:(0.496, 0.4968152866242038, 0.624) (312, 316, 184, 188)
iter 700:
0.6614 0.7344 0.5475 0.5549 0.7009 0.6649 0.7028 0.6023 0.7335 0.7188 0.6108 0.3891 0.5842 0.7184 0.7312 0.7098 0.5807 0.4015 0.7133 0.6363 0.5294 0.7429 0.5486 0.6396 0.5798 0.6394 0.5880 0.6175 0.7781 0.4904 
0.6426 0.6265 0.5263 0.5544 0.6160 0.6332 0.6371 0.5073 0.6249 0.6477 0.6001 0.4652 0.5902 0.6056 0.5817 0.6574 0.5954 0.4448 0.6466 0.5417 0.4885 0.6568 0.5088 0.5724 0.4961 0.5821 0.5478 0.5992 0.6757 0.4373 
avg train acc: 0.6283 avg test acc: 0.5770 min train acc: 0.3891(11) min test acc: 0.4373(29)
Attack result:(0.492, 0.4938080495356037, 0.638) (319, 327, 173, 181)
iter 725:
0.6735 0.7559 0.5827 0.5663 0.6833 0.6619 0.6956 0.5765 0.7438 0.6785 0.5801 0.3901 0.5649 0.7249 0.7405 0.7044 0.6416 0.4049 0.6782 0.6244 0.4641 0.7174 0.5794 0.6534 0.5915 0.6582 0.5358 0.6092 0.7965 0.4526 
0.6543 0.6487 0.5288 0.5619 0.6122 0.6371 0.6222 0.4995 0.6154 0.6338 0.6083 0.4724 0.5799 0.6115 0.5875 0.6639 0.6014 0.4392 0.6376 0.5365 0.4590 0.6508 0.5307 0.5958 0.4818 0.6014 0.5359 0.6062 0.6613 0.4386 
avg train acc: 0.6243 avg test acc: 0.5771 min train acc: 0.3901(11) min test acc: 0.4386(29)
Attack result:(0.492, 0.4938837920489297, 0.646) (323, 331, 169, 177)
iter 750:
0.6883 0.7509 0.6259 0.5856 0.7442 0.7114 0.7311 0.5903 0.7426 0.6781 0.6246 0.4309 0.6629 0.7483 0.7385 0.7210 0.6497 0.4253 0.7016 0.6127 0.5055 0.7373 0.6102 0.6854 0.5772 0.6895 0.5797 0.6216 0.7821 0.4494 
0.6610 0.6543 0.5521 0.5788 0.6346 0.6457 0.6528 0.5002 0.6401 0.6434 0.6059 0.4950 0.6276 0.6516 0.5865 0.6599 0.6018 0.4852 0.6510 0.5583 0.4827 0.6558 0.5380 0.6162 0.4899 0.6205 0.5470 0.6121 0.6727 0.4494 
avg train acc: 0.6467 avg test acc: 0.5923 min train acc: 0.4253(17) min test acc: 0.4494(29)
Attack result:(0.498, 0.49848024316109424, 0.656) (328, 330, 170, 172)
iter 775:
0.6776 0.7199 0.6443 0.5479 0.7539 0.6748 0.7063 0.5437 0.7428 0.6281 0.6200 0.4010 0.6258 0.7338 0.7351 0.7064 0.5927 0.4298 0.6774 0.6292 0.5484 0.7368 0.6276 0.7091 0.5838 0.7234 0.5744 0.6249 0.7473 0.4199 
0.6538 0.6473 0.5423 0.5676 0.6254 0.6486 0.6343 0.4741 0.6593 0.6301 0.6101 0.4913 0.6287 0.6609 0.5933 0.6670 0.6018 0.4575 0.6382 0.5623 0.4581 0.6334 0.5417 0.6027 0.4810 0.6314 0.5378 0.6174 0.6585 0.4232 
avg train acc: 0.6362 avg test acc: 0.5860 min train acc: 0.4010(11) min test acc: 0.4232(29)
Attack result:(0.494, 0.495398773006135, 0.646) (323, 329, 171, 177)
iter 800:
0.6649 0.7107 0.5912 0.6150 0.6904 0.6375 0.6705 0.5921 0.7637 0.5985 0.6197 0.3905 0.6320 0.7839 0.6736 0.7047 0.6147 0.4083 0.6759 0.5909 0.5672 0.7213 0.5598 0.7002 0.5703 0.7165 0.5588 0.6506 0.7472 0.4074 
0.6438 0.6329 0.5326 0.5398 0.6327 0.6293 0.6104 0.4719 0.6570 0.5988 0.5847 0.4807 0.6226 0.6592 0.5793 0.6694 0.6060 0.4605 0.6315 0.5531 0.4595 0.6272 0.5349 0.5787 0.4900 0.6197 0.5333 0.6241 0.6732 0.3946 
avg train acc: 0.6276 avg test acc: 0.5777 min train acc: 0.3905(11) min test acc: 0.3946(29)
Attack result:(0.49, 0.4921383647798742, 0.626) (313, 323, 177, 187)
***** Best Attack Result ********
{
    "iter": 325,
    "attack_metric": [
        0.517,
        0.5155393053016454,
        0.564
    ],
    "pred_distribution": [
        282,
        265,
        235,
        218
    ]
}
