************* DL Setting *************
   Seed = 3407
   Setting = s6
   Graph = smallworld30
   Number of Attacker = 1
   Sample per user/ Num of Cover = 4166
   Num of member/non-member = 300
   Normal User Batch size = 128
   Attacker Batch size = 256
   Attack = unitnorm
   Defense = trim
   data distribution = iid
   Init LR = 0.01
   LR Decay = [800]
   Max Iter = 800
   Normal Train Iter = 200
**************************************
iter 25:
0.2960 0.2653 0.2823 0.2843 0.2858 0.2541 0.2587 0.2711 0.2585 0.2617 0.2623 0.2375 0.2392 0.2469 0.2584 0.2622 0.2489 0.2529 0.2446 0.2572 0.2492 0.2372 0.2466 0.2401 0.2528 0.2659 0.2864 0.2971 0.2954 0.2889 
0.2800 0.2690 0.2729 0.2730 0.2699 0.2458 0.2619 0.2588 0.2459 0.2532 0.2428 0.2443 0.2362 0.2326 0.2419 0.2545 0.2447 0.2399 0.2381 0.2500 0.2453 0.2278 0.2414 0.2458 0.2460 0.2539 0.2651 0.2700 0.2829 0.2811 
avg train acc: 0.2629 avg test acc: 0.2538 min train acc: 0.2372(21) min test acc: 0.2278(21)
Attack result:(0.505, 0.5102040816326531, 0.25) (75, 72, 228, 225)
iter 50:
0.4453 0.4351 0.4222 0.4179 0.3859 0.4380 0.4332 0.4490 0.4335 0.4358 0.3962 0.4278 0.4202 0.3398 0.3935 0.3874 0.3592 0.4157 0.4194 0.4303 0.4263 0.3310 0.4318 0.3074 0.4251 0.3472 0.4435 0.4497 0.3957 0.3472 
0.4250 0.4355 0.4078 0.4347 0.3855 0.4306 0.4345 0.4268 0.4202 0.4212 0.3844 0.4224 0.4177 0.3344 0.3894 0.4019 0.3604 0.4090 0.4170 0.4270 0.4246 0.3370 0.4202 0.3189 0.4178 0.3583 0.4342 0.4318 0.3902 0.3485 
avg train acc: 0.4063 avg test acc: 0.4022 min train acc: 0.3074(23) min test acc: 0.3189(23)
Attack result:(0.49833333333333335, 0.49794238683127573, 0.4033333333333333) (121, 122, 178, 179)
iter 75:
0.5112 0.5129 0.4945 0.5070 0.4761 0.5030 0.5153 0.5201 0.5134 0.5245 0.4685 0.5124 0.4930 0.4429 0.4880 0.4621 0.4547 0.4736 0.5152 0.5125 0.4806 0.4579 0.5142 0.3764 0.4901 0.4124 0.5283 0.5317 0.4783 0.4632 
0.4879 0.5065 0.4804 0.5140 0.4767 0.4958 0.5141 0.5069 0.4999 0.5039 0.4537 0.5046 0.4913 0.4391 0.4846 0.4734 0.4516 0.4634 0.5073 0.5048 0.4882 0.4556 0.5086 0.3903 0.4940 0.4203 0.5121 0.5109 0.4805 0.4622 
avg train acc: 0.4878 avg test acc: 0.4828 min train acc: 0.3764(23) min test acc: 0.3903(23)
Attack result:(0.49333333333333335, 0.4927007299270073, 0.45) (135, 139, 161, 165)
iter 100:
0.5417 0.5651 0.5583 0.5540 0.5134 0.5510 0.5572 0.5709 0.5374 0.5484 0.5368 0.5488 0.5542 0.4976 0.5269 0.5168 0.4957 0.5514 0.5536 0.5357 0.5288 0.5125 0.5639 0.4549 0.5296 0.4519 0.5545 0.5645 0.5353 0.5286 
0.5222 0.5573 0.5364 0.5589 0.5100 0.5416 0.5516 0.5532 0.5258 0.5403 0.5278 0.5479 0.5440 0.4838 0.5281 0.5205 0.4938 0.5322 0.5498 0.5390 0.5327 0.5048 0.5543 0.4649 0.5243 0.4595 0.5486 0.5476 0.5378 0.5203 
avg train acc: 0.5346 avg test acc: 0.5286 min train acc: 0.4519(25) min test acc: 0.4595(25)
Attack result:(0.495, 0.4948805460750853, 0.48333333333333334) (145, 148, 152, 155)
iter 125:
0.5728 0.6027 0.5699 0.5800 0.5544 0.5794 0.5980 0.6006 0.5974 0.6043 0.5846 0.6064 0.5831 0.5630 0.5850 0.5451 0.5621 0.5691 0.5906 0.5782 0.5695 0.5236 0.5888 0.5015 0.5563 0.5044 0.6027 0.6096 0.5616 0.5644 
0.5454 0.5891 0.5583 0.5894 0.5594 0.5685 0.5929 0.5889 0.5798 0.5895 0.5621 0.5889 0.5733 0.5499 0.5813 0.5428 0.5554 0.5530 0.5899 0.5787 0.5741 0.5148 0.5796 0.5034 0.5604 0.5128 0.5906 0.5903 0.5689 0.5577 
avg train acc: 0.5736 avg test acc: 0.5663 min train acc: 0.5015(23) min test acc: 0.5034(23)
Attack result:(0.49, 0.4902597402597403, 0.5033333333333333) (151, 157, 143, 149)
iter 150:
0.6111 0.6201 0.6088 0.6083 0.5584 0.6184 0.6305 0.6265 0.6197 0.6345 0.6135 0.6269 0.6045 0.5939 0.6283 0.5667 0.5903 0.6041 0.6195 0.5869 0.6076 0.5456 0.6071 0.5083 0.5950 0.5457 0.6328 0.6291 0.5831 0.5917 
0.5722 0.6139 0.5957 0.6108 0.5681 0.6059 0.6169 0.6162 0.6057 0.6150 0.5901 0.6109 0.5986 0.5820 0.6163 0.5688 0.5863 0.5834 0.6131 0.5900 0.6054 0.5336 0.6021 0.5147 0.5958 0.5480 0.6144 0.6071 0.5840 0.5797 
avg train acc: 0.6006 avg test acc: 0.5915 min train acc: 0.5083(23) min test acc: 0.5147(23)
Attack result:(0.47833333333333333, 0.4793650793650794, 0.5033333333333333) (151, 164, 136, 149)
iter 175:
0.6234 0.6503 0.6467 0.6423 0.6017 0.6400 0.6395 0.6571 0.6332 0.6532 0.6369 0.6480 0.6371 0.6071 0.6350 0.5978 0.5971 0.6103 0.6431 0.6043 0.6276 0.5696 0.6273 0.5294 0.6175 0.5839 0.6589 0.6505 0.6024 0.6194 
0.5884 0.6405 0.6296 0.6393 0.6022 0.6214 0.6259 0.6326 0.6186 0.6329 0.6210 0.6237 0.6210 0.5961 0.6244 0.6031 0.5867 0.5968 0.6268 0.6004 0.6192 0.5649 0.6137 0.5324 0.6177 0.5910 0.6414 0.6284 0.6049 0.6030 
avg train acc: 0.6230 avg test acc: 0.6116 min train acc: 0.5294(23) min test acc: 0.5324(23)
Attack result:(0.4666666666666667, 0.46932515337423314, 0.51) (153, 173, 127, 147)
iter 200:
0.6121 0.6512 0.6405 0.6600 0.6451 0.6372 0.6489 0.6625 0.6586 0.6718 0.6462 0.6583 0.6491 0.6581 0.6678 0.5889 0.6414 0.6040 0.6663 0.6128 0.6324 0.6127 0.6640 0.5806 0.6207 0.5853 0.6664 0.6696 0.6521 0.6124 
0.5732 0.6392 0.6242 0.6584 0.6359 0.6184 0.6359 0.6506 0.6478 0.6587 0.6356 0.6447 0.6310 0.6388 0.6535 0.5871 0.6313 0.5965 0.6520 0.6124 0.6286 0.6010 0.6455 0.5903 0.6151 0.5843 0.6462 0.6524 0.6499 0.5985 
avg train acc: 0.6392 avg test acc: 0.6279 min train acc: 0.5806(23) min test acc: 0.5732(0)
Attack result:(0.4866666666666667, 0.4878048780487805, 0.5333333333333333) (160, 168, 132, 140)
iter 225:
0.6431 0.6732 0.6458 0.6707 0.6547 0.6567 0.6690 0.6854 0.6696 0.6924 0.6704 0.6932 0.6759 0.6353 0.6672 0.5974 0.6419 0.6145 0.6795 0.6356 0.6481 0.6012 0.6734 0.5857 0.6413 0.6056 0.6894 0.6798 0.6478 0.6205 
0.6111 0.6615 0.6365 0.6708 0.6458 0.6400 0.6586 0.6652 0.6580 0.6730 0.6492 0.6687 0.6562 0.6242 0.6532 0.5898 0.6392 0.6071 0.6654 0.6296 0.6427 0.5892 0.6535 0.5893 0.6354 0.6078 0.6704 0.6668 0.6508 0.6084 
avg train acc: 0.6521 avg test acc: 0.6406 min train acc: 0.5857(23) min test acc: 0.5892(21)
Attack result:(0.4866666666666667, 0.4884393063583815, 0.5633333333333334) (169, 177, 123, 131)
iter 250:
0.6708 0.6920 0.6649 0.6825 0.6496 0.6739 0.6917 0.6924 0.6898 0.7033 0.6673 0.6949 0.6742 0.6775 0.6965 0.6309 0.6605 0.6396 0.6983 0.6633 0.6620 0.6143 0.6889 0.5614 0.6646 0.6115 0.7017 0.6982 0.6448 0.6194 
0.6351 0.6816 0.6596 0.6809 0.6465 0.6587 0.6784 0.6802 0.6753 0.6824 0.6441 0.6758 0.6553 0.6548 0.6743 0.6222 0.6556 0.6263 0.6792 0.6550 0.6603 0.6098 0.6732 0.5658 0.6547 0.6115 0.6857 0.6828 0.6439 0.6083 
avg train acc: 0.6660 avg test acc: 0.6539 min train acc: 0.5614(23) min test acc: 0.5658(23)
Attack result:(0.4716666666666667, 0.47696476964769646, 0.5866666666666667) (176, 193, 107, 124)
iter 275:
0.6907 0.7116 0.6939 0.7054 0.6394 0.6890 0.6992 0.7109 0.6858 0.7078 0.6916 0.7144 0.7007 0.6579 0.6797 0.6597 0.6539 0.6817 0.7053 0.6787 0.6909 0.5870 0.6738 0.5483 0.6857 0.6340 0.7196 0.6966 0.6469 0.6496 
0.6536 0.6960 0.6790 0.6940 0.6384 0.6739 0.6887 0.6864 0.6709 0.6830 0.6734 0.6865 0.6772 0.6421 0.6709 0.6571 0.6479 0.6611 0.6865 0.6663 0.6800 0.5828 0.6606 0.5428 0.6789 0.6294 0.6965 0.6838 0.6407 0.6333 
avg train acc: 0.6763 avg test acc: 0.6621 min train acc: 0.5483(23) min test acc: 0.5428(23)
Attack result:(0.4683333333333333, 0.47493403693931396, 0.6) (180, 199, 101, 120)
iter 300:
0.6646 0.7039 0.7067 0.7197 0.6652 0.6799 0.7041 0.7140 0.6939 0.7179 0.7022 0.7116 0.6875 0.7046 0.7191 0.6690 0.7101 0.6789 0.7258 0.6635 0.6784 0.6410 0.7109 0.6098 0.6637 0.6221 0.7248 0.7222 0.6786 0.6852 
0.6320 0.6921 0.6895 0.7059 0.6652 0.6661 0.6847 0.6982 0.6778 0.6967 0.6818 0.6933 0.6727 0.6837 0.6987 0.6717 0.6960 0.6653 0.7037 0.6566 0.6754 0.6346 0.6947 0.6109 0.6563 0.6180 0.6990 0.7000 0.6770 0.6656 
avg train acc: 0.6893 avg test acc: 0.6754 min train acc: 0.6098(23) min test acc: 0.6109(23)
Attack result:(0.48, 0.4838709677419355, 0.6) (180, 192, 108, 120)
iter 325:
0.6622 0.7308 0.7198 0.7246 0.6628 0.7003 0.7213 0.7219 0.6999 0.7261 0.7262 0.7320 0.7145 0.7027 0.7122 0.6616 0.7112 0.6950 0.7079 0.6570 0.6745 0.6356 0.7127 0.6436 0.6856 0.6580 0.7343 0.7295 0.6979 0.6961 
0.6322 0.7077 0.7075 0.7120 0.6602 0.6862 0.6993 0.7050 0.6867 0.7043 0.7039 0.7058 0.6980 0.6825 0.6978 0.6621 0.7063 0.6790 0.6956 0.6416 0.6713 0.6298 0.6947 0.6368 0.6717 0.6509 0.7110 0.7106 0.6893 0.6804 
avg train acc: 0.6986 avg test acc: 0.6840 min train acc: 0.6356(21) min test acc: 0.6298(21)
Attack result:(0.47833333333333333, 0.48169014084507045, 0.57) (171, 184, 116, 129)
iter 350:
0.6748 0.7299 0.7305 0.7235 0.6990 0.6997 0.7118 0.7300 0.7208 0.7441 0.7361 0.7284 0.7237 0.7285 0.7407 0.6528 0.7108 0.6689 0.7345 0.6803 0.7071 0.6528 0.7079 0.6611 0.7036 0.6992 0.7425 0.7213 0.7018 0.6772 
0.6448 0.7123 0.7174 0.7112 0.6867 0.6838 0.6963 0.7134 0.7042 0.7157 0.7143 0.7040 0.6991 0.7137 0.7157 0.6504 0.7061 0.6546 0.7090 0.6706 0.6985 0.6486 0.6957 0.6429 0.6929 0.6941 0.7190 0.7020 0.6906 0.6647 
avg train acc: 0.7081 avg test acc: 0.6924 min train acc: 0.6528(15) min test acc: 0.6429(23)
Attack result:(0.48333333333333334, 0.48626373626373626, 0.59) (177, 187, 113, 123)
iter 375:
0.6895 0.7450 0.7362 0.7362 0.7106 0.7233 0.7125 0.7412 0.7243 0.7561 0.7463 0.7421 0.7312 0.7306 0.7376 0.6470 0.7205 0.6543 0.7352 0.6827 0.7318 0.6681 0.7045 0.6872 0.7219 0.7230 0.7500 0.7286 0.7261 0.6845 
0.6592 0.7221 0.7234 0.7167 0.7022 0.7035 0.7070 0.7179 0.7080 0.7224 0.7228 0.7153 0.7128 0.7133 0.7154 0.6480 0.7133 0.6403 0.7129 0.6718 0.7174 0.6589 0.6928 0.6672 0.7109 0.7093 0.7279 0.7105 0.7131 0.6646 
avg train acc: 0.7176 avg test acc: 0.7007 min train acc: 0.6470(15) min test acc: 0.6403(17)
Attack result:(0.4716666666666667, 0.4776902887139108, 0.6066666666666667) (182, 199, 101, 118)
iter 400:
0.6975 0.7439 0.7370 0.7476 0.7377 0.7289 0.7243 0.7454 0.7254 0.7591 0.7475 0.7482 0.7365 0.7370 0.7514 0.6625 0.7335 0.6714 0.7489 0.6987 0.7301 0.7139 0.7408 0.7168 0.7288 0.7352 0.7609 0.7448 0.7381 0.6863 
0.6653 0.7268 0.7205 0.7274 0.7188 0.7142 0.7072 0.7238 0.7092 0.7253 0.7242 0.7278 0.7210 0.7181 0.7244 0.6605 0.7251 0.6586 0.7263 0.6881 0.7227 0.7038 0.7175 0.7041 0.7150 0.7188 0.7306 0.7220 0.7258 0.6644 
avg train acc: 0.7293 avg test acc: 0.7112 min train acc: 0.6625(15) min test acc: 0.6586(17)
Attack result:(0.4816666666666667, 0.48556430446194226, 0.6166666666666667) (185, 196, 104, 115)
iter 410:
0.7049 0.7499 0.7529 0.7457 0.7363 0.7458 0.7226 0.7451 0.7540 0.7684 0.7465 0.7503 0.7469 0.7397 0.7596 0.6688 0.7292 0.6744 0.7461 0.6916 0.7392 0.7185 0.7465 0.7296 0.7181 0.7335 0.7594 0.7521 0.7450 0.6859 
0.6727 0.7280 0.7314 0.7325 0.7272 0.7189 0.7142 0.7242 0.7293 0.7358 0.7316 0.7258 0.7284 0.7243 0.7292 0.6741 0.7253 0.6602 0.7183 0.6861 0.7200 0.7072 0.7254 0.7129 0.7100 0.7194 0.7300 0.7353 0.7309 0.6679 
avg train acc: 0.7335 avg test acc: 0.7159 min train acc: 0.6688(15) min test acc: 0.6602(17)
Attack result:(0.47833333333333333, 0.4833759590792839, 0.63) (189, 202, 98, 111)
iter 420:
0.7155 0.7536 0.7448 0.7415 0.7287 0.7495 0.7517 0.7543 0.7346 0.7568 0.7516 0.7501 0.7553 0.7475 0.7508 0.6535 0.7357 0.6677 0.7545 0.7037 0.7314 0.7333 0.7462 0.7295 0.7304 0.7278 0.7542 0.7417 0.7457 0.6997 
0.6871 0.7297 0.7256 0.7220 0.7152 0.7282 0.7289 0.7319 0.7130 0.7262 0.7270 0.7295 0.7333 0.7290 0.7291 0.6500 0.7251 0.6476 0.7280 0.6957 0.7233 0.7188 0.7272 0.7219 0.7094 0.7128 0.7319 0.7219 0.7313 0.6852 
avg train acc: 0.7347 avg test acc: 0.7162 min train acc: 0.6535(15) min test acc: 0.6476(17)
Attack result:(0.49166666666666664, 0.4938875305623472, 0.6733333333333333) (202, 207, 93, 98)
iter 430:
0.7127 0.7572 0.7439 0.7473 0.7413 0.7457 0.7390 0.7564 0.7287 0.7587 0.7519 0.7536 0.7557 0.7418 0.7638 0.6391 0.7448 0.6607 0.7585 0.7127 0.7399 0.7340 0.7570 0.7318 0.7349 0.7502 0.7604 0.7530 0.7347 0.6873 
0.6814 0.7329 0.7240 0.7278 0.7220 0.7280 0.7247 0.7342 0.7143 0.7304 0.7257 0.7326 0.7290 0.7202 0.7323 0.6437 0.7320 0.6440 0.7343 0.7029 0.7323 0.7195 0.7353 0.7186 0.7184 0.7303 0.7328 0.7311 0.7244 0.6664 
avg train acc: 0.7365 avg test acc: 0.7175 min train acc: 0.6391(15) min test acc: 0.6437(15)
Attack result:(0.475, 0.48129675810473815, 0.6433333333333333) (193, 208, 92, 107)
iter 440:
0.7328 0.7677 0.7581 0.7555 0.7461 0.7440 0.7420 0.7605 0.7578 0.7671 0.7621 0.7624 0.7544 0.7440 0.7505 0.6766 0.7399 0.6775 0.7591 0.7263 0.7509 0.7258 0.7347 0.7259 0.7527 0.7565 0.7650 0.7359 0.7502 0.7225 
0.7048 0.7395 0.7360 0.7351 0.7331 0.7300 0.7320 0.7335 0.7320 0.7401 0.7365 0.7325 0.7366 0.7224 0.7273 0.6701 0.7284 0.6631 0.7352 0.7114 0.7343 0.7091 0.7184 0.7105 0.7372 0.7321 0.7393 0.7185 0.7327 0.7031 
avg train acc: 0.7435 avg test acc: 0.7238 min train acc: 0.6766(15) min test acc: 0.6631(17)
Attack result:(0.4816666666666667, 0.48661800486618007, 0.6666666666666666) (200, 211, 89, 100)
iter 450:
0.7314 0.7613 0.7584 0.7603 0.7472 0.7445 0.7376 0.7536 0.7694 0.7654 0.7700 0.7615 0.7599 0.7491 0.7677 0.6949 0.7400 0.7035 0.7593 0.7255 0.7473 0.7361 0.7489 0.7398 0.7608 0.7587 0.7688 0.7500 0.7455 0.7100 
0.7000 0.7350 0.7391 0.7362 0.7274 0.7229 0.7233 0.7321 0.7406 0.7389 0.7439 0.7339 0.7367 0.7319 0.7361 0.6874 0.7307 0.6840 0.7349 0.7142 0.7297 0.7221 0.7329 0.7167 0.7388 0.7402 0.7425 0.7300 0.7268 0.6913 
avg train acc: 0.7475 avg test acc: 0.7267 min train acc: 0.6949(15) min test acc: 0.6840(17)
Attack result:(0.48833333333333334, 0.49135802469135803, 0.6633333333333333) (199, 206, 94, 101)
iter 460:
0.7265 0.7630 0.7532 0.7580 0.7455 0.7544 0.7456 0.7512 0.7494 0.7718 0.7613 0.7572 0.7477 0.7558 0.7637 0.6820 0.7434 0.6847 0.7606 0.7368 0.7565 0.7340 0.7526 0.7357 0.7593 0.7514 0.7672 0.7619 0.7561 0.7207 
0.7025 0.7376 0.7312 0.7359 0.7305 0.7324 0.7260 0.7308 0.7335 0.7377 0.7362 0.7336 0.7389 0.7339 0.7391 0.6766 0.7349 0.6674 0.7409 0.7234 0.7395 0.7228 0.7331 0.7251 0.7343 0.7302 0.7447 0.7395 0.7383 0.7065 
avg train acc: 0.7469 avg test acc: 0.7279 min train acc: 0.6820(15) min test acc: 0.6674(17)
Attack result:(0.4633333333333333, 0.47393364928909953, 0.6666666666666666) (200, 222, 78, 100)
iter 470:
0.7368 0.7646 0.7609 0.7618 0.7447 0.7683 0.7592 0.7658 0.7580 0.7725 0.7772 0.7740 0.7597 0.7511 0.7591 0.7065 0.7469 0.7151 0.7525 0.7215 0.7583 0.7378 0.7718 0.7439 0.7536 0.7564 0.7749 0.7678 0.7486 0.7029 
0.7068 0.7434 0.7393 0.7424 0.7301 0.7410 0.7399 0.7460 0.7374 0.7433 0.7475 0.7437 0.7402 0.7299 0.7349 0.6983 0.7404 0.6936 0.7339 0.7087 0.7383 0.7229 0.7434 0.7287 0.7275 0.7340 0.7390 0.7399 0.7339 0.6915 
avg train acc: 0.7524 avg test acc: 0.7313 min train acc: 0.7029(29) min test acc: 0.6915(29)
Attack result:(0.4766666666666667, 0.48284313725490197, 0.6566666666666666) (197, 211, 89, 103)
iter 480:
0.7487 0.7749 0.7591 0.7573 0.7520 0.7654 0.7667 0.7770 0.7598 0.7782 0.7666 0.7756 0.7661 0.7666 0.7696 0.7007 0.7386 0.6944 0.7705 0.7458 0.7637 0.7251 0.7490 0.7265 0.7626 0.7639 0.7768 0.7630 0.7528 0.7410 
0.7160 0.7465 0.7413 0.7374 0.7358 0.7443 0.7484 0.7508 0.7372 0.7454 0.7433 0.7474 0.7482 0.7412 0.7397 0.6912 0.7315 0.6760 0.7439 0.7348 0.7448 0.7133 0.7262 0.7145 0.7395 0.7398 0.7455 0.7372 0.7394 0.7176 
avg train acc: 0.7553 avg test acc: 0.7339 min train acc: 0.6944(17) min test acc: 0.6760(17)
Attack result:(0.4816666666666667, 0.48693586698337293, 0.6833333333333333) (205, 216, 84, 95)
iter 490:
0.7295 0.7803 0.7686 0.7729 0.7503 0.7644 0.7596 0.7609 0.7631 0.7776 0.7706 0.7726 0.7637 0.7463 0.7626 0.7088 0.7484 0.7263 0.7499 0.7242 0.7370 0.7447 0.7625 0.7397 0.7624 0.7624 0.7835 0.7638 0.7566 0.7185 
0.7011 0.7450 0.7475 0.7506 0.7356 0.7379 0.7390 0.7387 0.7423 0.7463 0.7456 0.7483 0.7481 0.7262 0.7355 0.7012 0.7389 0.7046 0.7347 0.7080 0.7288 0.7241 0.7407 0.7202 0.7392 0.7383 0.7497 0.7458 0.7409 0.7020 
avg train acc: 0.7544 avg test acc: 0.7335 min train acc: 0.7088(15) min test acc: 0.7011(0)
Attack result:(0.48333333333333334, 0.4878048780487805, 0.6666666666666666) (200, 210, 90, 100)
iter 500:
0.7390 0.7735 0.7674 0.7688 0.7587 0.7607 0.7580 0.7745 0.7650 0.7827 0.7756 0.7759 0.7580 0.7640 0.7698 0.7090 0.7576 0.7118 0.7701 0.7445 0.7604 0.7409 0.7617 0.7438 0.7687 0.7595 0.7823 0.7709 0.7606 0.7230 
0.7053 0.7461 0.7452 0.7481 0.7366 0.7414 0.7432 0.7501 0.7453 0.7508 0.7479 0.7490 0.7429 0.7406 0.7412 0.7043 0.7399 0.6885 0.7432 0.7342 0.7435 0.7221 0.7367 0.7274 0.7429 0.7377 0.7515 0.7484 0.7429 0.7083 
avg train acc: 0.7585 avg test acc: 0.7368 min train acc: 0.7090(15) min test acc: 0.6885(17)
Attack result:(0.47333333333333333, 0.48086124401913877, 0.67) (201, 217, 83, 99)
iter 525:
0.7412 0.7737 0.7647 0.7754 0.7653 0.7632 0.7612 0.7713 0.7644 0.7835 0.7770 0.7721 0.7581 0.7671 0.7819 0.7102 0.7547 0.7097 0.7711 0.7349 0.7648 0.7499 0.7663 0.7428 0.7713 0.7495 0.7796 0.7652 0.7675 0.7402 
0.7147 0.7417 0.7430 0.7474 0.7460 0.7433 0.7465 0.7461 0.7463 0.7514 0.7445 0.7483 0.7512 0.7445 0.7507 0.7040 0.7462 0.6935 0.7502 0.7204 0.7442 0.7323 0.7477 0.7230 0.7443 0.7308 0.7534 0.7460 0.7470 0.7269 
avg train acc: 0.7599 avg test acc: 0.7392 min train acc: 0.7097(17) min test acc: 0.6935(17)
Attack result:(0.4533333333333333, 0.4669811320754717, 0.66) (198, 226, 74, 102)
iter 550:
0.7501 0.7863 0.7770 0.7783 0.7526 0.7655 0.7700 0.7769 0.7760 0.7842 0.7773 0.7818 0.7739 0.7758 0.7860 0.7163 0.7664 0.7359 0.7739 0.7365 0.7582 0.7589 0.7710 0.7568 0.7772 0.7587 0.7879 0.7805 0.7632 0.7379 
0.7164 0.7546 0.7597 0.7573 0.7334 0.7420 0.7501 0.7541 0.7515 0.7557 0.7511 0.7589 0.7544 0.7541 0.7561 0.7114 0.7536 0.7089 0.7462 0.7257 0.7399 0.7377 0.7544 0.7334 0.7458 0.7399 0.7585 0.7564 0.7398 0.7156 
avg train acc: 0.7664 avg test acc: 0.7439 min train acc: 0.7163(15) min test acc: 0.7089(17)
Attack result:(0.48, 0.4857142857142857, 0.68) (204, 216, 84, 96)
iter 575:
0.7378 0.7835 0.7860 0.7813 0.7675 0.7755 0.7679 0.7832 0.7927 0.8006 0.7798 0.7845 0.7759 0.7719 0.7804 0.7418 0.7624 0.7416 0.7861 0.7436 0.7655 0.7394 0.7693 0.7448 0.7630 0.7690 0.7940 0.7815 0.7708 0.7388 
0.7089 0.7556 0.7596 0.7613 0.7449 0.7509 0.7529 0.7518 0.7596 0.7618 0.7571 0.7555 0.7597 0.7480 0.7533 0.7333 0.7544 0.7173 0.7525 0.7341 0.7497 0.7234 0.7521 0.7274 0.7426 0.7411 0.7573 0.7620 0.7533 0.7180 
avg train acc: 0.7693 avg test acc: 0.7466 min train acc: 0.7378(0) min test acc: 0.7089(0)
Attack result:(0.49166666666666664, 0.4940047961630695, 0.6866666666666666) (206, 211, 89, 94)
iter 600:
0.7478 0.7895 0.7803 0.7785 0.7705 0.7770 0.7852 0.7871 0.7801 0.7991 0.7791 0.7789 0.7718 0.7786 0.7797 0.7222 0.7686 0.7321 0.7818 0.7576 0.7737 0.7519 0.7768 0.7504 0.7644 0.7617 0.7920 0.7878 0.7794 0.7504 
0.7175 0.7591 0.7557 0.7547 0.7437 0.7528 0.7655 0.7615 0.7550 0.7627 0.7521 0.7561 0.7523 0.7526 0.7502 0.7132 0.7511 0.7056 0.7545 0.7477 0.7551 0.7281 0.7544 0.7312 0.7427 0.7375 0.7614 0.7626 0.7554 0.7292 
avg train acc: 0.7711 avg test acc: 0.7474 min train acc: 0.7222(15) min test acc: 0.7056(17)
Attack result:(0.47, 0.47877358490566035, 0.6766666666666666) (203, 221, 79, 97)
iter 625:
0.7506 0.7911 0.7778 0.7892 0.7730 0.7708 0.7692 0.7785 0.7799 0.7939 0.7896 0.7829 0.7678 0.7828 0.7907 0.7266 0.7707 0.7222 0.7933 0.7559 0.7772 0.7631 0.7814 0.7546 0.7781 0.7577 0.7957 0.7918 0.7837 0.7544 
0.7201 0.7590 0.7562 0.7606 0.7500 0.7494 0.7508 0.7500 0.7552 0.7582 0.7543 0.7550 0.7593 0.7556 0.7613 0.7174 0.7583 0.6999 0.7649 0.7431 0.7595 0.7419 0.7601 0.7400 0.7520 0.7333 0.7677 0.7670 0.7585 0.7350 
avg train acc: 0.7731 avg test acc: 0.7498 min train acc: 0.7222(17) min test acc: 0.6999(17)
Attack result:(0.46166666666666667, 0.4733178654292343, 0.68) (204, 227, 73, 96)
iter 650:
0.7610 0.8025 0.7851 0.7909 0.7658 0.7852 0.7906 0.7990 0.7764 0.7982 0.7799 0.7925 0.7881 0.7931 0.7961 0.7137 0.7811 0.7204 0.7954 0.7502 0.7717 0.7726 0.7966 0.7818 0.7828 0.7617 0.8018 0.7937 0.7838 0.7531 
0.7290 0.7686 0.7675 0.7637 0.7460 0.7602 0.7686 0.7695 0.7566 0.7642 0.7550 0.7691 0.7658 0.7631 0.7664 0.7046 0.7658 0.6980 0.7668 0.7400 0.7548 0.7531 0.7703 0.7560 0.7472 0.7418 0.7693 0.7656 0.7599 0.7321 
avg train acc: 0.7788 avg test acc: 0.7546 min train acc: 0.7137(15) min test acc: 0.6980(17)
Attack result:(0.46, 0.4724770642201835, 0.6866666666666666) (206, 230, 70, 94)
iter 675:
0.7483 0.7972 0.7952 0.7995 0.7825 0.7861 0.7721 0.7954 0.7901 0.8002 0.8032 0.8006 0.7934 0.7860 0.7989 0.7531 0.7859 0.7561 0.7910 0.7493 0.7740 0.7691 0.7971 0.7690 0.7732 0.7836 0.8002 0.7969 0.7935 0.7464 
0.7190 0.7675 0.7710 0.7741 0.7619 0.7632 0.7551 0.7667 0.7645 0.7650 0.7744 0.7731 0.7732 0.7601 0.7650 0.7433 0.7674 0.7289 0.7626 0.7363 0.7580 0.7487 0.7731 0.7460 0.7513 0.7520 0.7671 0.7734 0.7682 0.7226 
avg train acc: 0.7829 avg test acc: 0.7584 min train acc: 0.7464(29) min test acc: 0.7190(0)
Attack result:(0.48333333333333334, 0.48847926267281105, 0.7066666666666667) (212, 222, 78, 88)
iter 700:
0.7620 0.8025 0.7830 0.7869 0.7757 0.7992 0.7996 0.7978 0.8000 0.8077 0.7960 0.7961 0.7864 0.7839 0.7958 0.7355 0.7837 0.7406 0.7927 0.7619 0.7913 0.7612 0.7935 0.7606 0.7855 0.7806 0.8073 0.7987 0.7760 0.7558 
0.7336 0.7694 0.7624 0.7620 0.7500 0.7644 0.7771 0.7715 0.7704 0.7724 0.7671 0.7671 0.7609 0.7622 0.7623 0.7238 0.7684 0.7137 0.7687 0.7502 0.7698 0.7390 0.7665 0.7423 0.7572 0.7566 0.7697 0.7688 0.7568 0.7310 
avg train acc: 0.7832 avg test acc: 0.7578 min train acc: 0.7355(15) min test acc: 0.7137(17)
Attack result:(0.475, 0.48314606741573035, 0.7166666666666667) (215, 230, 70, 85)
iter 725:
0.7553 0.8082 0.7903 0.7964 0.7864 0.7880 0.7787 0.7888 0.7898 0.7994 0.8021 0.7995 0.7851 0.7914 0.8032 0.7250 0.7849 0.7284 0.7945 0.7658 0.7904 0.7680 0.7982 0.7683 0.7970 0.7844 0.8111 0.8047 0.7944 0.7484 
0.7284 0.7706 0.7663 0.7722 0.7611 0.7613 0.7575 0.7586 0.7645 0.7677 0.7674 0.7680 0.7689 0.7631 0.7684 0.7155 0.7680 0.6994 0.7694 0.7511 0.7738 0.7466 0.7725 0.7525 0.7624 0.7551 0.7793 0.7792 0.7703 0.7257 
avg train acc: 0.7842 avg test acc: 0.7588 min train acc: 0.7250(15) min test acc: 0.6994(17)
Attack result:(0.49166666666666664, 0.4943820224719101, 0.7333333333333333) (220, 225, 75, 80)
iter 750:
0.7612 0.8087 0.7910 0.7888 0.7809 0.7958 0.8002 0.8037 0.7869 0.8082 0.7912 0.7966 0.8029 0.7943 0.8025 0.7165 0.7805 0.7167 0.7997 0.7578 0.7874 0.7750 0.7980 0.7789 0.7836 0.7767 0.8085 0.7966 0.7948 0.7570 
0.7335 0.7723 0.7699 0.7636 0.7561 0.7703 0.7772 0.7764 0.7610 0.7701 0.7662 0.7714 0.7765 0.7642 0.7661 0.7074 0.7620 0.6921 0.7715 0.7457 0.7636 0.7619 0.7707 0.7597 0.7531 0.7492 0.7743 0.7692 0.7711 0.7371 
avg train acc: 0.7847 avg test acc: 0.7594 min train acc: 0.7165(15) min test acc: 0.6921(17)
Attack result:(0.47833333333333333, 0.4851258581235698, 0.7066666666666667) (212, 225, 75, 88)
iter 775:
0.7435 0.8075 0.7949 0.7995 0.7895 0.7956 0.7921 0.8126 0.7966 0.8106 0.8029 0.8129 0.8007 0.8044 0.8095 0.7297 0.7942 0.7338 0.8000 0.7623 0.7867 0.7694 0.8021 0.7779 0.7780 0.7858 0.8094 0.8037 0.7993 0.7526 
0.7159 0.7728 0.7716 0.7760 0.7633 0.7700 0.7676 0.7816 0.7690 0.7784 0.7745 0.7840 0.7816 0.7752 0.7758 0.7213 0.7728 0.7067 0.7736 0.7497 0.7687 0.7549 0.7746 0.7603 0.7564 0.7559 0.7744 0.7755 0.7729 0.7278 
avg train acc: 0.7886 avg test acc: 0.7634 min train acc: 0.7297(15) min test acc: 0.7067(17)
Attack result:(0.47833333333333333, 0.48491879350348027, 0.6966666666666667) (209, 222, 78, 91)
iter 800:
0.7509 0.8073 0.8041 0.7999 0.7922 0.7947 0.7993 0.8035 0.7951 0.8137 0.8175 0.8099 0.7919 0.7858 0.8040 0.7386 0.7946 0.7421 0.7881 0.7408 0.7849 0.7709 0.8066 0.7764 0.7861 0.7824 0.8107 0.8074 0.7871 0.7362 
0.7250 0.7754 0.7730 0.7763 0.7601 0.7673 0.7750 0.7836 0.7726 0.7801 0.7814 0.7781 0.7709 0.7634 0.7686 0.7290 0.7759 0.7192 0.7662 0.7285 0.7661 0.7456 0.7778 0.7541 0.7554 0.7572 0.7736 0.7741 0.7640 0.7149 
avg train acc: 0.7874 avg test acc: 0.7617 min train acc: 0.7362(29) min test acc: 0.7149(29)
Attack result:(0.49333333333333335, 0.4953271028037383, 0.7066666666666667) (212, 216, 84, 88)
***** Best Attack Result ********
{
    "iter": 25,
    "attack_metric": [
        0.505,
        0.5102040816326531,
        0.25
    ],
    "pred_distribution": [
        75,
        72,
        228,
        225
    ]
}
